100
-8786.04656127516 372.539759261602
-8786.04656127516 372.539759261602
-8786.04656127516 372.539759261602
-8786.04656127516 372.539759261602
-8786.04656127516 372.539759261602
-8786.04656127516 372.539759261602
-8786.04656127516 372.539759261602
-8786.04656127516 372.539759261602
-8786.04656127516 372.539759261602
-8786.04656127516 372.539759261602
-8786.04656127516 372.539759261602
-8786.04656127516 372.539759261602
-8786.04656127516 372.539759261602
-8786.04656127516 372.539759261602
-8786.04656127516 372.539759261602
-8786.04656127516 372.539759261602
-8786.04656127516 372.539759261602
-8427.8398992869 353.046206247736
-8363.7030797852 368.701650378041
-8353.24928322082 418.092051537571
-8388.19627463428 478.946277915126
-8324.10995656528 480.208813732094
-8381.02507119396 538.689472773761
-8471.0691256596 582.979229232763
-8551.31590218574 580.858169060276
-8727.46489936814 625.147925519278
-8695.90150394413 646.510031542265
-8669.79226324941 575.808025792406
-8506.26862423654 581.363183387042
-8321.68588779674 463.139329486774
-8367.54118866877 402.588111705278
-8412.73997091598 370.216693358409
-8382.54011417429 347.996062979866
-8322.69591645034 289.717409668941
-8300.7277932352 272.799429721669
-8299.97027174499 273.051936885034
-8300.4752860718 272.647925423621
-8239.36855253084 293.252509956443
-8172.35315136657 295.777581590342
-4244.80623053004 -175.451286732347
-369.831301111757 -911.96418091501
-369.831301111757 -911.96418091501
-369.831301111757 -911.96418091501
-369.831301111757 -911.96418091501
-8325.4734952476 84.5300886963558
-8433.79906834291 25.6959196259342
-8436.67765000563 54.835246281433
-8479.75537208033 67.4606044510366
-8405.01325171623 109.780805035599
-8291.13252102626 139.980661777287
-8322.03939782553 193.613183281827
-8319.26181902819 257.598498485436
-8300.57628893719 272.799429721669
-8276.48710554952 273.051936885034
-8241.64111700137 236.185891029754
-8319.918337653 236.034386731742
-8318.40329467267 258.255017110249
-8298.70773592806 280.374644623438
-8235.47994221458 272.799429721669
-8002.61783613421 277.041550066643
-7570.37607383929 267.69878502114
-7406.4989247977 213.207739161081
-7234.49104509488 118.972065783054
-7234.49104509488 118.972065783054
-7100.56124563158 8.27292535186122
-7117.58022844424 21.2517935502545
-7212.67442617775 102.609601595242
-7284.99247777329 141.849214786409
-7280.59885313031 153.111034273692
-7280.85136029371 153.060532841034
-7329.9892542898 236.286893895143
-7329.9892542898 236.286893895143
-7330.69627434731 272.294415394868
-7392.96454083988 268.506807944001
-7439.57736320211 265.072710521852
-7439.32485603871 265.476721983264
-7439.07234887531 265.2242148199
-7439.77936893282 264.820203358451
-7401.80229155862 196.491764944516
-7401.80229155862 196.491764944516
-7339.58452649874 185.785461216657
-7280.85136029371 152.95952997568
-7281.10386745704 152.95952997568
-7280.95236315903 152.858527110327
-7279.6898273421 151.848498456725
-7303.17299353757 174.574143162033
-7281.25537175512 152.70702281228
-7281.00286459172 152.606019946927
-7281.00286459172 152.606019946927
-7280.95236315903 152.606019946927
-7241.56124566981 124.527223377689
-6603.27363804675 -407.757877053261
-6603.77865237355 -407.60637275525
-6603.77865237355 -407.60637275525
-6657.3101710127 -409.121415735582
-6644.12929708367 -399.374639228667
-6644.63431141048 -399.021129199913
-6644.8868185738 -399.374639228667
-6644.02829421829 -399.273636363278
-6644.28080138169 -399.172633497925
