100
-5953.73910863147 487.542186276701
-6158.50728180681 630.253066153022
-6225.78825299328 475.423253578581
-6169.37253181222 72.1553206923663
-6318.35182515315 345.458147746887
-4454.5435550262 692.31035945204
-4120.22817024997 711.115599845727
-4233.05961261209 394.97861411683
-4108.7360788985 312.65345061571
-3783.19647297276 259.789830397984
-3783.82331431912 114.153690904835
-4247.05906934958 -304.785275642686
-4444.9319877138 -257.772174658618
-4489.8556175431 -578.505996928161
-4486.30351657991 -1006.84758367253
-4453.49881944874 -1026.27966541272
-4248.10380492704 -1001.20601155442
-4248.10380492704 -1001.20601155442
-4244.96959819466 -434.332487243426
-4320.19055976941 -366.42467471075
-4383.50153576129 -451.675097828699
-4774.02369460273 -545.28340556603
-4832.73783405426 -542.567093064753
-5051.92335819789 -454.391410329976
-5488.83177667719 -441.854583400901
-5822.52032010706 -410.930410309093
-5656.82525752736 -409.885674731633
-5308.92831024475 -458.361405524265
-4823.75310808822 -652.6822229253
-4718.86165611468 -488.867684385118
-4716.1453436134 -241.683246766208
-5030.19285818767 30.5748447108522
-4773.18790614082 374.710743914728
-4996.13447836349 260.834565975444
-4996.13447836349 260.834565975444
-4996.13447836349 260.834565975444
-4996.13447836349 260.834565975444
-4996.13447836349 260.834565975444
-4996.13447836349 260.834565975444
-4996.13447836349 260.834565975444
-4996.13447836349 260.834565975444
-4996.13447836349 260.834565975444
-4996.13447836349 260.834565975444
-4996.13447836349 260.834565975444
-4996.13447836349 260.834565975444
-4996.13447836349 260.834565975444
-4996.13447836349 260.834565975444
-4996.13447836349 260.834565975444
-4996.13447836349 260.834565975444
-4996.13447836349 260.834565975444
-4996.13447836349 260.834565975444
-5042.10284377024 475.005359347626
-4930.31613698558 366.979700641851
-4084.08031927116 0.695407196504566
-3529.95256900464 -152.462828454119
-3529.95256900464 -152.462828454119
-3397.27115067167 -80.1671264962006
-3564.84673729074 -177.954376543224
-3981.69623268334 -363.917309325024
-4244.96959819466 -444.361948786775
-4537.07766564287 -308.546323721424
-4585.13550220425 -151.835987107614
-5126.72642554154 -33.1540255121318
-5228.0657765519 -34.4077082049948
-5315.40567082476 274.416128481979
-5310.59988716857 256.028782319247
-5168.09795440765 -32.3182370502232
-5160.78480536573 -238.131145803022
-5011.38761779399 -436.004064167392
-5000.73131490413 -745.663689316274
-5126.72642554154 -455.436145907436
-4848.19992060001 -551.969713261596
-4867.63200234006 -603.579650786311
-5254.60206021861 -784.31890568096
-5946.84385382065 -791.841001838435
-6095.19630581493 -990.340761549161
-6074.92843561298 -1177.13948279287
-6452.07797906358 -1015.41441540746
-6483.42004638619 -219.743799640289
-6834.45120040119 327.279748699705
-7007.87730625361 904.391681669451
-7007.87730625361 904.391681669451
-7339.05848429746 1217.39446066612
-7432.45784491954 1404.40212902523
-7317.5369314025 688.758258488854
-7036.08516684415 -76.1971313020603
-6472.76374349663 -687.367444095845
-6031.46743559194 -799.572045111312
-5149.71060824507 -781.811540295085
-4573.01656950613 -780.766804717625
-4154.70444430496 -778.259439331899
-3684.99132869478 -779.304174909359
-3085.73100148342 -628.235410413655
-3497.56576610457 -750.887367203278
-4021.39618462563 -757.155780667889
-4243.9248626172 -776.587862407934
-4243.9248626172 -776.587862407934
-4243.9248626172 -776.587862407934
-4499.46718485549 -778.050492216348
-3894.56528552632 -778.259439331899
