1371
1142.44628380746 -1173.8555220348
1140.87871152602 -1064.26796889751
1045.11429578058 -923.756489842522
1060.93252516706 -862.051144577944
946.214735472066 -1074.38593544211
943.507110622071 -1366.52440609404
1079.03085969045 -1361.10915639415
1210.84943791137 -1201.07427710534
1400.81069712062 -1198.22414568425
1400.81069712062 -1198.22414568425
1438.14741873575 -1194.09145512381
1131.04575812351 -1194.80398797908
671.319559917158 -1185.11354114776
548.763908814368 -1142.64658297493
742.287832299971 -929.599259255593
926.97634838032 -848.228007186188
1132.61333040515 -841.530198346851
1218.11727303499 -904.518102750777
1284.66784171528 -919.196279568901
1282.95776286254 -883.712143377494
1142.44628380746 -943.564903218445
592.940945839835 -936.582081237019
365.642965015457 -918.483746713628
389.156549238634 -910.360872163848
388.159003241375 -672.232391939696
603.913951810704 -642.306012019271
604.76899123687 -495.951763551217
593.225958981822 -377.528803008866
524.680298307014 -354.870258211956
391.29414780445 -445.789450541686
72.5069483660645 -330.074114849329
71.3668957977097 -222.339147135759
20.4920499330074 -134.697605940099
67.0916986662778 -230.46202168554
281.849101238146 -199.680602338849
341.844367650092 -166.476571284252
528.670482296257 -101.06605517242
528.670482296257 -101.06605517242
614.031918355207 -91.8031280541836
739.580207449977 -222.481653706753
863.703430834203 -567.20504907612
868.976173963098 -710.994179265275
983.266443945011 -706.00644927847
996.662061623685 -757.166308285362
985.546549081721 -926.464114692415
989.251719929176 -935.727041810652
987.541641076443 -1059.56525205289
1039.41403293861 -1283.87059488518
1079.45837940353 -1303.39399511902
1074.89816912991 -1204.4944348105
1077.748300551 -1240.1210775729
1171.66013087281 -1198.79417196852
1564.55074725689 -1280.30793060892
1668.86555726519 -1375.64482664118
1836.31077824872 -1110.58260448869
1928.22751657581 -1081.36875742353
1935.78036484142 -1223.59031533115
2014.44399206093 -1267.48233921443
2311.57019269956 -1284.72563431145
2239.60437431949 -926.036594979333
2395.22154990578 -920.193825566262
2380.11585337457 -802.625904450278
2381.39841251402 -699.878666723412
2333.94372435439 -660.546853113655
2333.94372435439 -660.546853113655
2177.32900277063 -564.212411084037
2171.20122021557 -464.03029163607
2146.54758342404 -513.622578361424
2023.13689289489 -323.803825723176
2067.31392992035 -202.815746901925
2212.52812581995 -197.543003773032
2244.307091164 -346.747383662175
2362.30253199317 -322.093746870543
2422.01278526313 -311.548260612856
2312.14021898374 -413.867978626539
2193.4322452993 -458.900055078272
2143.83995857405 -528.300755179548
2319.55056067825 -564.354917655031
2473.03013769892 -564.212411084037
2522.33741128219 -563.784891370854
2625.36966215104 -562.929851944588
2674.10690945013 -611.239579530492
3118.44239798308 -638.315828029928
3124.28516739616 -640.738439737733
3152.64397503514 -593.996284433468
2995.60173373831 -713.274284402086
3079.11058437343 -820.724238973567
3134.83065365394 -816.591548413129
2843.97474214146 -820.866745544561
2930.33372419747 -823.146850681371
3161.05186272711 -819.584186405111
3144.80611362735 -869.31897970156
3246.27079221477 -814.596456418407
3246.27079221477 -814.596456418407
3517.31829035133 -802.198384737094
3517.60330349352 -801.913371595006
3714.68989125528 -813.171390707964
3766.13476340416 -847.230461188827
3976.75947541569 -810.46376585797
4260.77507151784 -842.8127574863
4484.79540120805 -872.59663083563
4743.3023210923 -854.498296312341
5493.31440452695 -710.281646410003
6029.5666313872 -510.202420656157
6212.40256204392 -2.02398829280768
6728.98888209914 398.70448949906
6791.97678650327 703.668551545488
6791.97678650327 703.526044974393
6791.97678650327 703.383538403298
6791.83427993217 703.383538403298
6791.83427993217 703.383538403298
6791.83427993217 703.383538403298
6791.69177336108 703.526044974393
6791.83427993217 703.668551545488
6791.97678650327 703.668551545488
6791.97678650327 703.668551545488
6792.11929307416 703.668551545488
6792.11929307416 703.668551545488
6792.11929307416 703.811058116482
6792.26179964526 703.811058116482
6792.26179964526 703.811058116482
6792.26179964526 703.811058116482
6792.26179964526 703.811058116482
6792.26179964526 703.811058116482
6792.26179964526 703.668551545488
6792.26179964526 703.668551545488
6792.26179964526 703.668551545488
6792.26179964526 703.526044974393
6792.26179964526 703.526044974393
6792.26179964526 703.526044974393
6792.26179964526 703.383538403298
6792.26179964526 703.383538403298
6792.26179964526 703.383538403298
6792.26179964526 703.383538403298
6792.26179964526 703.241031832304
6792.11929307416 703.241031832304
6792.11929307416 703.241031832304
6792.11929307416 703.241031832304
6792.11929307416 703.098525261209
6792.11929307416 703.098525261209
6792.11929307416 703.098525261209
6792.11929307416 703.098525261209
6792.11929307416 703.098525261209
6792.11929307416 703.098525261209
6792.11929307416 703.098525261209
6792.11929307416 703.098525261209
6792.11929307416 702.956018690216
6792.11929307416 702.956018690216
6791.97678650327 703.383538403298
6791.97678650327 703.383538403298
6792.11929307416 703.383538403298
6792.11929307416 703.383538403298
6792.11929307416 703.383538403298
6792.11929307416 703.383538403298
6792.11929307416 703.383538403298
6792.11929307416 703.383538403298
6792.11929307416 703.383538403298
6792.11929307416 703.383538403298
6792.11929307416 703.383538403298
6792.11929307416 703.383538403298
6792.11929307416 703.241031832304
6792.11929307416 703.241031832304
6792.11929307416 703.241031832304
6792.11929307416 703.241031832304
6792.11929307416 703.241031832304
6792.11929307416 703.241031832304
6792.11929307416 703.241031832304
6792.11929307416 703.241031832304
6792.11929307416 703.241031832304
6792.11929307416 703.241031832304
6792.11929307416 703.241031832304
6792.11929307416 703.241031832304
6792.11929307416 703.098525261209
6792.11929307416 703.098525261209
6792.11929307416 703.241031832304
6792.11929307416 703.241031832304
6792.11929307416 703.241031832304
6792.11929307416 703.241031832304
6792.11929307416 703.241031832304
6792.11929307416 703.098525261209
6792.11929307416 703.098525261209
6792.11929307416 703.098525261209
6792.11929307416 703.098525261209
6792.11929307416 703.098525261209
6792.11929307416 702.956018690216
6791.97678650327 702.956018690216
6791.97678650327 702.956018690216
6791.97678650327 702.956018690216
6791.97678650327 702.956018690216
6791.97678650327 702.956018690216
6791.97678650327 702.813512119121
6791.97678650327 702.813512119121
6791.97678650327 702.671005548127
6791.97678650327 702.671005548127
6791.97678650327 702.671005548127
6791.97678650327 702.671005548127
6791.97678650327 702.671005548127
6791.97678650327 702.671005548127
6791.97678650327 702.671005548127
6791.97678650327 702.671005548127
6791.97678650327 702.671005548127
6792.11929307416 702.671005548127
6792.11929307416 702.671005548127
6792.11929307416 702.813512119121
6792.11929307416 702.813512119121
6792.26179964526 702.813512119121
6792.26179964526 702.813512119121
6792.40430621635 702.813512119121
6792.40430621635 702.813512119121
6792.40430621635 702.813512119121
6792.40430621635 702.813512119121
6741.52946035165 1237.49816669773
6034.98188108699 1263.43436262881
6029.28161824501 1164.96232203348
6029.28161824501 1164.96232203348
5620.85778561644 885.364429633854
5601.33438538271 315.623158577022
5317.60380242255 -339.764561680749
5340.11984064847 -558.227135099973
5079.19030905641 -656.841682266401
4588.96770464525 -668.242207950353
4379.34053863118 -729.235020359659
4378.9130189181 -731.372618925375
4380.48059119954 -731.657632067464
4384.0432554759 -733.082697778008
4381.90565691008 -737.927921193617
4002.83817791777 -695.888482733968
3382.50707413822 -704.438876996932
3046.47657960301 -818.444133836756
2989.75896432524 -881.0045185276
2941.87675645252 -822.006798113017
2941.87675645252 -822.006798113017
2695.1978819655 -819.014160120934
2419.16265384204 -739.495493475155
2327.10340894405 -710.994179265275
2476.3077888331 -638.458334600922
2532.88289753977 -561.077266520961
2532.88289753977 -561.077266520961
2775.00156175337 -562.787345373493
2775.00156175337 -562.787345373493
2775.00156175337 -562.787345373493
2974.93828093602 -571.76525934964
3182.14283524228 -510.344927227252
3628.61592234126 -450.919687099485
3748.17893545186 -206.948437462363
3748.17893545186 -206.948437462363
3762.14457941471 -437.666575991906
3333.05729398406 -477.425909314744
2833.28674931258 -716.409428965162
2589.03048653337 -711.136685836269
2486.85327509068 -579.17560104425
2641.47290467971 -564.069904512942
2702.32321051802 -634.325644040484
2701.61067766275 -660.546853113655
2702.18070394693 -662.826958250466
2702.32321051802 -660.261839971567
2701.89569080474 -675.082523360684
2773.14897632974 -804.33598330281
2670.25923203178 -803.623450447538
2546.42102178954 -770.98944567722
2407.334608445 -924.469022697794
2017.15161691072 -911.785937874291
1915.6869383233 -818.016614123573
1905.85398492099 -575.897949910078
1614.99807340851 -566.635022791842
1225.10009501642 -580.885679896883
944.362150048439 -579.318107615345
610.89677379213 -573.04781848909
387.018950672817 -500.654480395832
641.393179996732 -497.519335832755
646.238403412341 -498.516881830116
1168.52498630974 -384.226611848203
1168.52498630974 -384.226611848203
1904.14390606846 -342.899706243826
1922.38474716274 -164.48147928953
1780.59070896821 -160.491295300086
1772.61034098952 -350.16754136734
2145.1225177135 -545.829063418659
2224.64118435918 -699.593653581323
2376.41068252712 -847.942994044099
2166.21349022887 -921.618891276806
2106.21822381692 -1442.05288875037
1979.81489529579 -1424.52458051126
1850.98895506684 -1441.91038217938
2158.80314853416 -1470.26918981827
2247.86975544036 -1542.37751476944
2285.06397048441 -1529.97944308812
2336.50884263328 -1632.29916110181
2526.75511498471 -1518.15139769099
2562.95178403129 -1452.02834872388
2542.00331808702 -964.228356020633
2713.86624277287 -925.609075266149
2696.19542796276 -923.613983271427
2696.19542796276 -936.439574665924
2634.63258926938 -928.601713258232
2764.31356892449 -939.432212658007
2764.31356892449 -939.432212658007
2774.43153546919 -829.417139807626
2690.35265854969 -529.013288034719
2543.28587722647 -448.354568820585
2543.28587722647 -448.354568820585
2380.40086651656 -179.159656107654
2392.94144476887 -206.093398036097
2491.98351164848 -261.100934461237
2463.6247040097 -309.695675189229
2599.43346622006 -191.415221217973
2628.78981985631 -218.348963146315
2639.90533239807 -351.735113648879
2535.02049610559 -451.06219367058
2449.94407318883 -543.406451710754
2585.32531568612 -564.782437368215
2867.91584607772 -564.92494393931
2817.32601335501 -598.128974993906
2671.96931088431 -610.384540104124
2697.62049367331 -585.445890170403
2824.16632876554 -642.163505448277
2903.39998226903 -718.689534101973
3000.01943744083 -821.294265257744
2963.11023553898 -831.412231802247
2746.2152344013 -818.301627265661
2539.43819980812 -879.721959388151
2328.67098122549 -922.616437274066
2168.35108879448 -907.225727600771
2247.29972915619 -925.894088408238
2544.28342322373 -854.498296312341
2542.71585094229 -475.573323891117
2548.55862035536 -321.523720586365
2200.27256070963 -62.3042678468411
2074.01173875959 9.23403082004946
2074.01173875959 9.23403082004946
1970.83698131964 -159.493749302826
1941.1956145414 -160.063775587004
1801.39666834159 -203.243266615008
1780.02068268403 -428.403648873669
1782.30078782094 -509.347381229891
1785.72094552601 -560.792253378872
1969.69692875129 -566.207503078759
2121.89394663231 -571.337739636558
2278.93618792914 -563.499878228765
2274.09096451353 -455.6224039441
2145.26502428459 -404.605051508303
2112.77352608527 -335.9168842624
1776.45801840787 -308.840635762862
1776.31551183678 -164.053959576347
1897.01857751594 -60.8792021363977
2307.43750213902 -166.476571284252
2305.15739700231 -169.32670270524
2230.19894063026 -192.982793499512
1920.67466831021 -133.272540229656
1917.25451060494 -69.1445832572731
1527.35653221285 -68.8595701151844
1348.65329211647 -37.9356441973986
1276.82998030749 -72.1372212492548
1561.27309612272 -70.9971686809001
1699.78948318308 -68.5745569730958
1700.92953575143 -68.2895438310071
1704.91971974088 -68.5745569730958
1769.33268985535 -158.068683592282
1829.47046283839 -346.177357377896
1829.47046283839 -346.177357377896
2152.53285940801 -715.126869825713
2061.89868022036 -1036.19417440071
1968.41436961184 -1087.63904654969
1926.08991801 -1040.04185181906
2035.10744486302 -822.576824397194
2231.90901948279 -924.3265161267
2563.66431688657 -929.171739542409
2503.81155704572 -982.754210257106
2159.65818796053 -939.432212658007
2010.45380807148 -935.727041810652
2493.40857735903 -929.456752684498
2620.66694530653 -1037.47673354016
2546.13600864735 -945.274982070977
2653.87097636092 -810.748779000058
2906.10760711902 -823.716876965549
3178.29515782414 -817.446587839395
3404.59559265105 -864.758769427938
3890.40049335948 -913.068497013741
4235.69391501302 -897.677787340446
4540.37296391746 -1016.67077416697
4750.99767592899 -851.648164891353
5093.72597930344 -660.68935968475
5340.26234721956 -558.79716138415
5385.57943681338 -257.395763613983
5952.18556330714 193.780040329505
6791.69177336108 702.813512119121
6791.69177336108 702.956018690216
6791.83427993217 702.956018690216
6791.83427993217 702.956018690216
6791.69177336108 702.956018690216
6791.69177336108 702.956018690216
6791.69177336108 702.956018690216
6791.69177336108 702.956018690216
6791.69177336108 702.956018690216
6791.69177336108 702.813512119121
6791.69177336108 702.813512119121
6791.69177336108 702.813512119121
6791.69177336108 702.813512119121
6791.69177336108 702.813512119121
6791.69177336108 702.813512119121
6791.69177336108 702.813512119121
6791.69177336108 702.956018690216
6791.69177336108 702.956018690216
6791.69177336108 702.956018690216
6791.69177336108 702.956018690216
6791.54926678999 702.956018690216
6791.54926678999 702.956018690216
6791.54926678999 702.956018690216
6791.54926678999 702.956018690216
6791.54926678999 702.956018690216
6791.54926678999 702.956018690216
6791.54926678999 702.956018690216
6791.54926678999 702.956018690216
6791.54926678999 702.956018690216
6791.54926678999 702.956018690216
6791.54926678999 702.956018690216
6791.54926678999 702.956018690216
6791.54926678999 702.956018690216
6791.54926678999 702.956018690216
6791.54926678999 702.956018690216
6792.40430621635 702.671005548127
6792.40430621635 702.671005548127
6792.40430621635 702.813512119121
6792.40430621635 702.813512119121
6792.40430621635 702.813512119121
6792.26179964526 702.813512119121
6792.26179964526 702.813512119121
6792.26179964526 702.813512119121
6792.26179964526 702.813512119121
6792.26179964526 702.813512119121
6792.26179964526 702.813512119121
6792.11929307416 702.813512119121
6792.11929307416 702.813512119121
6792.11929307416 702.813512119121
6792.11929307416 702.813512119121
6791.97678650327 702.813512119121
6791.97678650327 702.813512119121
6791.97678650327 702.813512119121
6791.97678650327 702.813512119121
6791.97678650327 702.813512119121
6791.97678650327 702.813512119121
6791.97678650327 702.813512119121
6791.97678650327 702.813512119121
6791.97678650327 702.813512119121
6791.97678650327 702.813512119121
6791.97678650327 702.813512119121
6791.97678650327 702.813512119121
6791.83427993217 702.813512119121
6791.83427993217 702.813512119121
6791.83427993217 702.813512119121
6791.83427993217 702.813512119121
6791.83427993217 702.813512119121
6791.83427993217 702.813512119121
6791.83427993217 702.813512119121
6791.83427993217 702.813512119121
6791.83427993217 702.813512119121
6791.83427993217 702.956018690216
6791.69177336108 702.956018690216
6791.69177336108 702.956018690216
6791.69177336108 702.956018690216
6791.69177336108 702.956018690216
6791.69177336108 702.956018690216
6791.69177336108 702.956018690216
6791.54926678999 702.956018690216
6791.54926678999 702.956018690216
6791.54926678999 702.956018690216
6791.54926678999 703.098525261209
6791.54926678999 703.098525261209
6791.54926678999 703.098525261209
6791.54926678999 703.098525261209
6791.40676021889 703.098525261209
6791.40676021889 703.098525261209
6791.40676021889 703.098525261209
6791.40676021889 703.098525261209
6791.40676021889 703.098525261209
6791.40676021889 703.098525261209
6791.40676021889 703.098525261209
6791.40676021889 703.098525261209
6791.40676021889 703.098525261209
6791.40676021889 703.098525261209
6791.40676021889 703.098525261209
6791.40676021889 703.098525261209
6791.40676021889 703.098525261209
6791.264253648 703.098525261209
6791.264253648 703.098525261209
6791.264253648 703.098525261209
6791.264253648 703.098525261209
6791.264253648 703.098525261209
6791.264253648 703.098525261209
6791.1217470769 703.098525261209
6791.1217470769 703.098525261209
6781.0037805324 700.53340698231
6759.20027516175 982.411404518745
6510.52630868002 1298.63348567813
6017.31106627688 1311.17406393044
6025.29143425557 1102.97196362681
5578.10581430152 878.381607652429
5608.17470079304 266.74340470694
5608.17470079304 266.74340470694
5321.87899955418 -330.359127991418
5321.87899955418 -330.359127991418
5186.21274391471 -651.141419424324
4636.70740594708 -680.212759918483
4350.8392244213 -584.305837602048
4378.48549920482 -626.345276061698
4378.20048606283 -627.200315487964
4381.478137197 -730.660086070102
4378.48549920482 -732.940191206913
4380.48059119954 -738.782960619984
4289.70390544101 -756.168762288001
4276.45079433322 -721.397158951866
3749.17648144933 -705.578929565388
3285.46009925353 -712.704258117807
2869.05589864608 -716.836948678346
2660.42627862927 -713.274284402086
2660.42627862927 -713.131777830991
2550.69621892098 -707.431514989015
2379.68833366129 -659.834320258383
2429.42312695764 -658.40925454794
2521.48237185582 -714.699350112529
2540.15073266339 -848.228007186188
2568.08202058909 -929.884272397682
2922.49586278968 -946.130021497344
2113.91357865362 -1482.80976807057
2098.23785583804 -1534.25464021955
2156.52304339745 -1530.5494693723
2201.41261327819 -1532.11704165384
2368.00279483535 -925.894088408238
2945.43942072868 -907.938260455942
2945.43942072868 -907.938260455942
3117.30234541473 -664.822050245188
3187.41557837118 -594.138791004462
3116.30479941747 -549.391727694819
2866.63328693827 -563.499878228765
2726.54932759647 -498.516881830116
2617.95932045654 -624.492690638071
2618.52934674071 -589.721087301936
2474.88272312255 -561.362279663049
2452.50919146773 -526.590676326914
2450.94161918629 -612.949658383024
1358.62875209008 -1897.3613832543
2441.53618549686 -678.502681065951
2567.939514018 -716.124415823074
2589.45800624645 -710.566659552091
2542.4308378001 -503.932131530004
2504.52408990099 -264.806105308491
2091.39754042771 -54.1813932970607
1434.58475445959 -67.7195175467285
1237.78317983982 -73.4197803887045
986.401588508088 -76.6974315228762
970.013332837432 -129.424862811307
1001.79229818148 -202.103214046653
1008.77512016291 16.7868790857538
988.966706786987 387.303963815007
977.423674531939 633.982838302123
978.70623367139 746.13550971822
835.772142908501 928.258907519871
812.828584969502 929.113946946137
570.994933898095 902.892737872966
570.994933898095 902.892737872966
4353.26183612911 1278.11253944694
4353.26183612911 1278.11253944694
391.009134662261 905.742869293954
364.930432160185 894.769863323186
363.79037959183 894.484850180996
363.220353307654 893.914823896818
360.512728457659 894.199837038907
359.942702173481 893.487304183736
359.942702173481 893.62981075473
359.942702173481 893.772317325825
360.655235028753 885.364429633854
360.655235028753 888.78458733902
126.516938794046 865.84102940002
-216.2113645806 830.21438663762
-251.410487629919 726.897122626576
-186.42749123127 469.53025531078
-424.413464884326 546.483803677558
-372.398566451067 464.827538466064
-136.835204505815 443.879072521786
166.276272116784 321.323421418998
468.247696171229 162.428594698536
483.068379560447 47.425791861451
367.923070152166 -245.425211645752
380.606154975771 -507.352289235169
381.176181259949 -599.126520991166
382.316233828304 -901.097945045612
383.598792967752 -1213.04482907346
555.88923736689 -1728.34858998934
889.069600481209 -2062.24148595883
922.843657819983 -2605.61904137149
922.843657819983 -2605.61904137149
709.083801245375 -2825.93420021434
798.435421293567 -2807.97837226205
846.74514887937 -2932.38660878847
915.148302983285 -2659.91404494136
885.506936204847 -2346.68460177406
893.059784470452 -1937.83324943241
935.241729501195 -1302.96647540583
681.295019890566 -1185.82607400293
771.644185936218 -1083.50635598925
1320.86451076186 -957.103027468112
1673.56827410991 -935.442028668563
2750.20541839054 -942.1398375079
6790.83673393471 703.098525261209
6790.83673393471 703.098525261209
6790.83673393471 703.098525261209
6790.97924050581 703.098525261209
6790.97924050581 702.956018690216
6790.97924050581 703.098525261209
6790.83673393471 703.098525261209
6790.83673393471 703.098525261209
6790.97924050581 703.098525261209
6790.97924050581 703.098525261209
6791.1217470769 702.956018690216
6791.264253648 702.956018690216
6791.264253648 703.098525261209
6791.1217470769 703.098525261209
6791.1217470769 703.098525261209
6791.1217470769 703.098525261209
6791.264253648 703.098525261209
6791.264253648 703.241031832304
6791.264253648 703.241031832304
6791.264253648 703.241031832304
6791.264253648 703.241031832304
6791.264253648 703.241031832304
6791.264253648 703.241031832304
6791.40676021889 703.241031832304
6791.40676021889 703.241031832304
6791.40676021889 703.241031832304
6791.40676021889 703.241031832304
6791.40676021889 703.383538403298
6791.40676021889 703.383538403298
6791.40676021889 703.383538403298
6791.40676021889 703.383538403298
6791.40676021889 703.383538403298
6791.40676021889 703.383538403298
6791.40676021889 703.383538403298
6791.40676021889 703.383538403298
6791.40676021889 703.383538403298
6791.40676021889 703.383538403298
6791.40676021889 703.526044974393
6791.40676021889 703.526044974393
6791.40676021889 703.526044974393
6791.40676021889 703.383538403298
6791.40676021889 703.383538403298
6791.40676021889 703.383538403298
6791.40676021889 703.383538403298
6791.40676021889 703.383538403298
6791.40676021889 703.383538403298
6791.40676021889 703.383538403298
6791.40676021889 703.383538403298
6791.40676021889 703.383538403298
6791.40676021889 703.383538403298
6791.40676021889 703.383538403298
6791.40676021889 703.383538403298
6791.40676021889 703.383538403298
6791.40676021889 703.383538403298
6791.40676021889 703.383538403298
6791.40676021889 703.383538403298
6791.40676021889 703.383538403298
6791.40676021889 703.383538403298
6791.40676021889 703.383538403298
6791.40676021889 703.383538403298
6791.40676021889 703.383538403298
6791.264253648 703.383538403298
6791.264253648 703.383538403298
6791.264253648 703.383538403298
6791.264253648 703.383538403298
6791.264253648 703.383538403298
6791.264253648 703.526044974393
6791.264253648 703.526044974393
6791.264253648 703.526044974393
6791.264253648 703.526044974393
6791.264253648 703.526044974393
6791.264253648 703.526044974393
6791.264253648 703.526044974393
6791.264253648 703.526044974393
6791.264253648 703.526044974393
6791.264253648 703.526044974393
6791.1217470769 703.526044974393
6791.1217470769 703.526044974393
6791.1217470769 703.526044974393
6791.1217470769 703.526044974393
6791.1217470769 703.526044974393
6791.1217470769 703.526044974393
6791.1217470769 703.526044974393
6791.1217470769 703.526044974393
6791.1217470769 703.526044974393
6791.1217470769 703.526044974393
6791.1217470769 703.526044974393
6791.1217470769 703.383538403298
6790.97924050581 703.383538403298
6790.97924050581 703.383538403298
6790.97924050581 703.383538403298
6790.97924050581 703.383538403298
6790.97924050581 703.383538403298
6790.97924050581 703.383538403298
6791.1217470769 703.383538403298
6791.1217470769 703.383538403298
6791.1217470769 703.241031832304
6791.1217470769 703.241031832304
6790.97924050581 703.241031832304
6790.97924050581 703.241031832304
6790.97924050581 703.241031832304
6790.97924050581 703.241031832304
6790.97924050581 703.241031832304
6790.97924050581 703.241031832304
6790.97924050581 703.241031832304
6800.95470047921 727.467148910753
6800.95470047921 727.467148910753
6505.8235918353 956.190195445574
6166.23043302373 961.035418861284
6166.51544616592 961.462938574366
6166.65795273702 961.035418861284
6166.80045930791 960.892912290189
6166.80045930791 960.892912290189
6179.05602441823 954.48011659294
6326.83533859693 959.610353150739
6778.01114254021 868.40614767892
6791.83427993217 701.673459550766
6791.69177336108 701.673459550766
6722.71859297299 444.591605377059
6248.17171137742 203.898006874007
5778.75506633965 191.357428621701
5450.98995292511 -195.262898636221
5341.11738664593 -561.219773091954
5266.01642370257 -644.158597442898
4602.07830918194 -670.237299945075
4382.04816348118 -735.220296343724
4381.90565691008 -735.077789772629
4381.76315033899 -734.935283201635
4381.90565691008 -734.935283201635
4382.04816348118 -735.077789772629
4381.90565691008 -735.505309485813
4381.76315033899 -735.505309485813
4381.33563062591 -734.935283201635
4380.90811091282 -734.79277663054
4380.90811091282 -734.79277663054
4380.90811091282 -735.362802914717
4175.41363545909 -696.030989305062
3460.31566193136 -702.158771860222
3079.9656237998 -714.271830399447
2798.08762626326 -614.232217522473
2542.00331808702 -458.330028794094
2449.65906004684 -358.005402775032
2644.46554267169 -362.708119619749
2642.61295724807 -361.425560480299
2864.78070151464 -239.724948803776
2938.31409217636 -751.323538872291
2944.01435501833 -874.591722830352
2973.22820208349 -836.827481502134
2769.87132519557 -924.611529268788
2581.76265140996 -951.687777768225
2506.23416875352 -955.962974899758
2572.64223086271 -711.564205549452
2780.27430488206 -717.977001246701
3110.4620300044 -647.008728863886
3115.16474684891 -621.357546074994
3113.45466799638 -691.898298744625
3113.31216142529 -692.040805315619
3120.5799965489 -687.908114755181
3116.30479941747 -638.315828029928
3335.19489254988 -466.310396772881
3575.46097133964 -492.959125559134
3465.44589848916 -449.067101675858
3141.67096906427 -476.570869888478
3141.67096906427 -476.570869888478
3114.87973370693 -554.094444539535
3155.92162616932 -592.428712151829
3031.94090935598 -604.114250977971
3115.02224027802 -707.716528131103
3113.16965485439 -716.266922394067
2767.02119377448 -717.121961820435
2732.53460358044 -610.954566388302
2776.28412089282 -631.760525761585
2777.99419974535 -635.608203179934
2863.78315551718 -565.494970223487
2868.20085921991 -563.927397941949
2865.7782475119 -556.517056247339
2870.76597749881 -570.910219923374
2864.78070151464 -594.993830430728
2720.99157132539 -602.689185267426
2598.86343993589 -626.345276061698
2543.99841008174 -569.627660783925
2476.3077888331 -570.340193639197
2468.18491428332 -503.077092103738
2537.44310781339 -685.770516189465
2535.59052238977 -1105.59487450198
2651.44836465312 -1140.08146469603
2686.50498113134 -1139.93895812493
2698.61803967057 -1139.36893184076
2541.29078523174 -1048.30723293993
2197.56493585984 -923.04395698725
1923.80981287329 -925.609075266149
1853.12655363266 -892.547550782648
1949.17598252009 -823.574370394555
1949.17598252009 -823.574370394555
2033.82488572357 -702.158771860222
2027.55459659741 -465.597863917609
1992.78299326138 -440.08918769971
2028.26712945268 -531.293393171529
2253.28500514015 -564.354917655031
2274.66099079771 -457.474989367828
2136.85713659262 -454.767364517834
2149.68272798712 -651.426432566514
2155.3829908291 -789.657806484686
2234.47413776169 -1056.00258777663
2067.59894306234 -1454.45096043169
1652.76231473673 -1531.83202851175
1714.18264685902 -1749.01204279152
1845.71621193795 -1867.00748362069
1874.9300590031 -1914.88969149341
1867.66222387969 -1714.66795916857
1968.27186304074 -1498.34298431506
1934.07028598888 -1212.61730936028
1923.38229316 -1000.28251849622
1918.82208288658 -898.390320195617
1960.71901477514 -699.166133868139
2206.68535640688 -699.878666723412
2301.73723929705 -711.421698978357
2522.33741128219 -764.576649979971
2752.48552352745 -819.299173263022
3031.79840278489 -821.151758686751
3189.69568350809 -816.876561555218
3379.79944928843 -803.765957018633
3511.90304065154 -897.677787340446
3511.90304065154 -897.677787340446
4000.13055306777 -911.07340501912
4218.5931264871 -916.346148147913
4326.47060077176 -850.935632036081
4392.45114316767 -808.468673863248
4350.69671785021 -584.875863886226
4597.51809890832 -672.089885368702
5076.05516449333 -672.374898510791
5313.47111186221 -785.667622495343
5334.56208437759 -924.3265161267
5525.80590272628 -919.481292710989
5799.98854542591 -830.557192375981
6001.35033031931 -523.313025192743
6210.4074700492 8.37899139378343
6724.71368496771 327.593710545151
6770.7433074168 704.808604113843
6791.1217470769 702.671005548127
6791.264253648 702.813512119121
6791.40676021889 702.813512119121
6791.54926678999 702.813512119121
6791.54926678999 702.956018690216
6791.54926678999 702.956018690216
6791.54926678999 702.956018690216
6791.40676021889 702.956018690216
6791.54926678999 702.956018690216
6791.54926678999 703.098525261209
6791.40676021889 703.098525261209
6791.40676021889 703.241031832304
6791.54926678999 703.241031832304
6791.54926678999 703.241031832304
6791.54926678999 703.241031832304
6791.54926678999 703.383538403298
6791.54926678999 703.383538403298
6791.54926678999 703.383538403298
6791.54926678999 703.383538403298
6791.54926678999 703.383538403298
6791.54926678999 703.383538403298
6791.54926678999 703.383538403298
6791.54926678999 703.383538403298
6791.54926678999 703.383538403298
6791.54926678999 703.383538403298
6791.54926678999 703.383538403298
6791.54926678999 703.383538403298
6791.54926678999 703.383538403298
6791.54926678999 703.383538403298
6791.54926678999 703.383538403298
6791.54926678999 703.383538403298
6791.40676021889 703.383538403298
6791.40676021889 703.383538403298
6791.40676021889 703.383538403298
6791.40676021889 703.383538403298
6791.40676021889 703.383538403298
6791.40676021889 703.383538403298
6791.40676021889 703.383538403298
6791.264253648 703.383538403298
6791.264253648 703.241031832304
6791.264253648 703.241031832304
6791.264253648 703.241031832304
6791.264253648 703.241031832304
6791.1217470769 703.241031832304
6791.1217470769 703.098525261209
6791.1217470769 703.098525261209
6791.1217470769 703.098525261209
6790.97924050581 703.098525261209
6790.97924050581 703.098525261209
6790.97924050581 703.241031832304
6790.97924050581 703.241031832304
6790.97924050581 703.241031832304
6790.97924050581 703.241031832304
6790.97924050581 703.241031832304
6790.97924050581 703.241031832304
6790.97924050581 703.241031832304
6790.97924050581 703.098525261209
6790.97924050581 703.098525261209
6790.97924050581 703.098525261209
6790.97924050581 703.098525261209
6790.97924050581 703.098525261209
6790.97924050581 703.098525261209
6790.97924050581 703.098525261209
6790.97924050581 703.098525261209
6790.97924050581 703.098525261209
6790.97924050581 703.098525261209
6790.97924050581 703.098525261209
6790.97924050581 703.098525261209
6791.1217470769 703.098525261209
6791.1217470769 703.098525261209
6791.1217470769 703.098525261209
6791.1217470769 703.098525261209
6791.1217470769 703.098525261209
6791.1217470769 703.098525261209
6791.1217470769 703.098525261209
6791.1217470769 703.098525261209
6791.1217470769 703.098525261209
6791.1217470769 703.098525261209
6791.1217470769 703.241031832304
6791.1217470769 703.241031832304
6791.1217470769 703.241031832304
6791.264253648 703.241031832304
6791.264253648 703.241031832304
6791.264253648 703.241031832304
6791.1217470769 703.241031832304
6791.1217470769 703.241031832304
6791.264253648 703.241031832304
6791.264253648 703.241031832304
6791.264253648 703.241031832304
6791.264253648 703.241031832304
6791.264253648 703.241031832304
6791.264253648 703.241031832304
6791.264253648 703.241031832304
6791.264253648 703.241031832304
6791.264253648 703.241031832304
6791.264253648 703.241031832304
6791.264253648 703.241031832304
6791.264253648 703.241031832304
6791.264253648 703.241031832304
6791.264253648 703.241031832304
6791.264253648 703.241031832304
6791.264253648 703.241031832304
6791.264253648 703.241031832304
6791.264253648 703.098525261209
6791.264253648 703.098525261209
6791.264253648 703.098525261209
6791.264253648 703.098525261209
6791.264253648 703.098525261209
6791.1217470769 703.098525261209
6791.1217470769 703.098525261209
6791.1217470769 703.098525261209
6791.1217470769 703.098525261209
6791.1217470769 703.098525261209
6791.1217470769 703.241031832304
6790.97924050581 703.241031832304
6790.97924050581 703.241031832304
6790.97924050581 703.098525261209
6790.97924050581 703.241031832304
6790.97924050581 703.241031832304
6790.97924050581 703.241031832304
6790.97924050581 703.241031832304
6790.97924050581 703.241031832304
6790.97924050581 703.241031832304
6791.1217470769 703.241031832304
6791.1217470769 703.241031832304
6790.97924050581 703.241031832304
6790.97924050581 703.241031832304
6790.97924050581 703.241031832304
6790.97924050581 703.241031832304
6790.97924050581 703.241031832304
6790.97924050581 703.241031832304
6791.1217470769 703.241031832304
6791.1217470769 703.241031832304
6791.1217470769 703.241031832304
6791.1217470769 703.241031832304
6791.1217470769 703.241031832304
6791.1217470769 703.241031832304
6791.264253648 703.241031832304
6791.264253648 703.241031832304
6791.264253648 703.241031832304
6791.264253648 703.241031832304
6791.264253648 703.241031832304
6791.264253648 703.383538403298
6791.264253648 703.383538403298
6791.264253648 703.383538403298
6791.1217470769 703.383538403298
6791.1217470769 703.383538403298
6744.23708520144 595.648570689728
6433.85777345523 213.160933992244
5778.75506633965 190.787402337422
5399.26006763404 -241.720040798498
5339.54981436429 -556.517056247339
4957.2046842378 -653.56403113223
4374.06779550229 -649.146327429703
4357.82204640273 -581.313199609965
4276.73580747541 -755.598736003824
4182.96648372469 -870.174019127826
4182.96648372469 -870.174019127826
4368.7950523736 -754.031163722285
4368.7950523736 -754.031163722285
4425.94018736445 -650.001366855969
4388.17594603624 -807.471127865887
4409.83694483579 -808.753687005336
4387.17840003898 -834.832389507513
4200.49479196371 -829.844659520709
4185.67410857469 -830.984712089164
4247.80697355225 -912.07095101638
4349.98418499494 -952.827830336681
4231.56122445269 -906.655701316493
4185.3890954325 -886.704781369576
4186.95666771414 -887.987340509026
4055.99312891938 -815.30898927368
3786.08568335118 -813.171390707964
3637.87884945939 -702.443785002311
2768.58876605612 -715.269376396706
2528.89271355033 -710.85167269418
2333.65871121219 -660.68935968475
2156.38053682635 -803.195930734455
1770.04522271062 -931.166831537132
1549.58755729658 -1040.46937153224
1611.57791570324 -1045.02958180586
1833.60315339873 -1080.51371799717
1923.09728001801 -1057.57016005817
1879.06274956364 -1114.00276219385
1879.20525613474 -1114.00276219385
1930.65012828362 -1058.85271919762
1818.49745686752 -1146.92178010636
1468.50131836926 -1193.52142883963
1468.50131836926 -1193.52142883963
1434.2997413174 -1054.86253520827
1434.2997413174 -1054.86253520827
1410.64365052313 -1060.84781119234
1355.20859438481 -1113.14772276759
1295.07082140177 -1280.8779568931
1044.54426949641 -1495.35034632298
493.613865818032 -1493.78277404144
429.913428558833 -1401.29600943017
494.326398673305 -1363.95928781514
553.466625659084 -1264.77471436453
607.049096373781 -1273.75262834068
847.172668592453 -1143.3591158301
866.411055684197 -846.232915191466
1059.07993974343 -890.267445645837
1125.63050842372 -848.513020328276
1280.39264458364 -878.72441339079
1285.95040085473 -880.291985672328
1079.88589911662 -943.707409789438
1021.17319184432 -465.740370488704
803.565657851366 -368.408382461725
832.779504916518 -221.05658799631
1426.88939962289 -77.4099643781485
1896.73356437375 -61.3067218494801
2440.96615921268 -289.744755242212
2516.20962872693 -348.884982227891
2635.34512212465 -620.787519790817
2617.81681388544 -640.025906882461
2769.72881862448 -717.549481533517
3078.68306466035 -927.604167260871
2228.63136834862 -683.490411052654
2421.15774583676 -720.969639238784
2579.76755941524 -634.753163753668
2699.04555938385 -611.097072959397
2774.71654861118 -712.561751546813
2641.47290467971 -620.217493506538
2570.64713886799 -711.136685836269
2540.0082260923 -821.436771828839
2218.22838866193 -1132.81362957252
1892.17335410013 -1142.50407640383
1443.70517500663 -1195.37401426326
1399.52813798137 -1345.43343357867
1147.43401379437 -1408.84885769578
1147.29150722327 -1302.82396883484
1283.52778914672 -1199.93422453688
1294.64330168869 -1450.60328301334
1961.28904105931 -1455.59101300014
2112.91603265616 -1595.10494605777
2221.22102665411 -1483.94982063903
2167.9235690814 -1274.03764148277
2623.9445964405 -1266.76980635926
2988.33389861469 -1285.86568687991
2944.8693944445 -1128.39592586989
6791.69177336108 703.526044974393
6791.83427993217 702.956018690216
6791.69177336108 702.956018690216
6791.69177336108 702.956018690216
6791.69177336108 702.956018690216
6791.69177336108 702.956018690216
6791.69177336108 702.813512119121
6791.69177336108 702.671005548127
6791.69177336108 702.813512119121
6791.69177336108 702.671005548127
6791.69177336108 702.528498977032
6791.69177336108 702.528498977032
6791.69177336108 702.385992406038
6791.69177336108 702.385992406038
6791.69177336108 702.385992406038
6791.69177336108 702.385992406038
6791.69177336108 702.385992406038
6791.69177336108 702.385992406038
6791.69177336108 702.385992406038
6791.69177336108 702.385992406038
6791.69177336108 702.385992406038
6791.69177336108 702.385992406038
6791.69177336108 702.385992406038
6791.69177336108 702.385992406038
6791.69177336108 702.528498977032
6791.69177336108 702.528498977032
6791.69177336108 702.528498977032
6791.69177336108 702.671005548127
6791.69177336108 702.671005548127
6791.69177336108 702.671005548127
6791.69177336108 702.813512119121
6791.69177336108 702.813512119121
6791.69177336108 702.813512119121
6791.69177336108 702.813512119121
6791.69177336108 702.813512119121
6791.69177336108 702.956018690216
6791.69177336108 702.956018690216
6791.69177336108 702.956018690216
6791.69177336108 702.956018690216
6791.69177336108 702.956018690216
6791.69177336108 702.956018690216
6791.83427993217 702.956018690216
6791.83427993217 702.956018690216
6791.83427993217 702.956018690216
6791.83427993217 702.956018690216
6791.83427993217 702.956018690216
6791.83427993217 702.956018690216
6791.83427993217 702.956018690216
6791.83427993217 702.956018690216
6791.69177336108 702.956018690216
6791.83427993217 702.956018690216
6791.83427993217 702.956018690216
6791.83427993217 702.956018690216
6791.83427993217 702.956018690216
6791.69177336108 702.813512119121
6791.69177336108 702.813512119121
6791.69177336108 702.813512119121
6791.69177336108 702.813512119121
6791.69177336108 702.813512119121
6791.69177336108 702.813512119121
6791.69177336108 702.813512119121
6791.69177336108 702.956018690216
6791.69177336108 702.956018690216
6791.69177336108 702.956018690216
6791.69177336108 703.098525261209
6791.69177336108 703.098525261209
6791.69177336108 703.098525261209
6791.69177336108 703.098525261209
6791.69177336108 703.098525261209
6791.69177336108 703.098525261209
6791.69177336108 703.098525261209
6791.69177336108 703.098525261209
6791.69177336108 703.098525261209
6791.69177336108 703.098525261209
6791.69177336108 703.098525261209
6791.69177336108 703.098525261209
6791.83427993217 703.098525261209
6791.83427993217 703.098525261209
6791.83427993217 703.098525261209
6791.83427993217 703.098525261209
6791.83427993217 703.098525261209
6791.83427993217 703.098525261209
6791.83427993217 703.098525261209
6791.83427993217 703.098525261209
6791.97678650327 703.098525261209
6791.97678650327 703.098525261209
6791.97678650327 703.098525261209
6791.97678650327 703.098525261209
6791.97678650327 703.098525261209
6791.97678650327 703.098525261209
6792.11929307416 703.098525261209
6792.11929307416 703.098525261209
6792.11929307416 703.098525261209
6792.11929307416 703.098525261209
6792.11929307416 703.098525261209
6792.11929307416 703.098525261209
6792.26179964526 703.098525261209
6792.26179964526 703.098525261209
6792.11929307416 703.098525261209
6792.11929307416 703.098525261209
6792.11929307416 703.098525261209
6792.11929307416 703.098525261209
6792.11929307416 703.098525261209
6792.11929307416 703.241031832304
6792.11929307416 703.241031832304
6792.11929307416 703.241031832304
6792.11929307416 703.098525261209
6792.11929307416 703.098525261209
6792.11929307416 703.098525261209
6792.11929307416 703.098525261209
6791.97678650327 703.241031832304
6791.97678650327 703.098525261209
6791.97678650327 703.098525261209
6792.11929307416 703.098525261209
6792.11929307416 703.098525261209
6792.11929307416 703.098525261209
6792.11929307416 703.098525261209
6792.11929307416 703.098525261209
6792.11929307416 703.098525261209
6792.11929307416 703.098525261209
6792.11929307416 703.098525261209
6792.11929307416 703.098525261209
6792.11929307416 703.098525261209
6792.11929307416 703.098525261209
6792.11929307416 703.098525261209
6792.11929307416 703.098525261209
6792.11929307416 703.098525261209
6792.26179964526 703.098525261209
6792.26179964526 703.098525261209
6792.26179964526 703.098525261209
6792.26179964526 702.956018690216
6792.26179964526 702.956018690216
6792.26179964526 702.956018690216
6792.26179964526 703.098525261209
6792.26179964526 703.098525261209
6792.26179964526 703.098525261209
6792.11929307416 703.098525261209
6792.11929307416 703.098525261209
6792.11929307416 703.098525261209
6792.11929307416 703.098525261209
6792.11929307416 703.098525261209
6792.11929307416 703.098525261209
6792.11929307416 703.098525261209
6791.97678650327 703.098525261209
6791.97678650327 703.098525261209
6791.97678650327 703.098525261209
6791.97678650327 703.098525261209
6791.83427993217 703.098525261209
6791.83427993217 703.241031832304
6791.83427993217 703.098525261209
6791.97678650327 703.098525261209
6791.97678650327 703.098525261209
6791.97678650327 703.098525261209
6791.97678650327 703.098525261209
6791.97678650327 703.241031832304
6791.97678650327 703.241031832304
6791.97678650327 703.241031832304
6791.97678650327 703.241031832304
6791.97678650327 703.241031832304
6791.97678650327 703.241031832304
6791.97678650327 703.241031832304
6791.97678650327 703.241031832304
6791.97678650327 703.241031832304
6791.97678650327 703.241031832304
6791.97678650327 703.383538403298
6791.97678650327 703.383538403298
6791.97678650327 703.383538403298
6791.97678650327 703.383538403298
6791.97678650327 703.383538403298
6791.97678650327 703.383538403298
6791.97678650327 703.383538403298
6791.97678650327 703.383538403298
6791.83427993217 703.383538403298
6791.83427993217 703.383538403298
6791.83427993217 703.241031832304
6791.83427993217 703.241031832304
6791.83427993217 703.241031832304
6791.83427993217 703.241031832304
6791.83427993217 703.098525261209
6791.83427993217 703.098525261209
6791.83427993217 703.098525261209
6791.69177336108 702.956018690216
6791.69177336108 702.956018690216
6791.69177336108 702.956018690216
6791.69177336108 702.956018690216
6791.69177336108 699.963380698133
6728.41885581496 409.39248232774
6648.6151760271 -162.058867581726
6648.6151760271 -162.058867581726
6421.17468863183 -389.784368119185
6421.60220834491 -390.069381261274
6421.8872214871 -390.211887832268
6400.65374240063 -481.843613017271
6445.40080571027 -768.139314256232
6559.97608883418 -1028.7838327062
6670.98870768192 -1264.34719465135
6670.70369453993 -1264.91722093553
6657.30807686126 -1251.23659011477
6450.38853569698 -995.864814793691
6432.86022745776 -605.539316688414
6712.03060014431 -415.578057479173
7217.35890108667 -440.944227125976
7241.15749845203 -428.261142302574
6752.78747946451 -420.850800607965
6383.41044730361 -411.445366918735
6184.75628726021 -473.008205612218
5756.09652154263 -693.323364455068
5610.88232564304 -909.933352450664
5342.54245235627 -924.754035839883
5037.29337716785 -967.791020296893
4985.84850501877 -945.987514926249
4579.27725781404 -902.523010756055
4579.27725781404 -902.523010756055
4444.03852188785 -867.466394277831
4445.46358759819 -876.016788540897
4586.40258636656 -748.330900880309
4859.16016335565 -667.102155381897
-10000 -10000
-10000 -10000
4628.86954453929 -324.231345436258
4967.4651573534 -126.28971824823
4981.00328160316 0.256116844002996
4699.69531035101 -195.690418349405
4699.69531035101 -195.690418349405
4791.6120486781 -563.072358515683
4665.35122672806 -693.03835131298
4380.76560434173 -734.79277663054
4380.19557805755 -734.935283201635
4383.75824233371 -749.898473161848
4086.0620154109 -902.380504185061
3006.28972656699 -927.746673831865
2209.39298125687 -922.046410989889
1752.37440790032 -931.594351250214
1316.58931363022 -941.427304652628
1044.11674978332 -1013.82064274599
403.692219485663 -1084.64640855771
728.464694908012 -1084.7889151287
1046.68186806222 -1027.64378013774
1035.28134237807 -652.708991705964
1019.03559327851 -173.316886694583
1093.1390102244 196.202652037309
2057.19596337585 223.421407107841
2513.78701701912 168.4138706826
2635.91514840883 333.436479958222
2645.46308866916 286.836831224951
2696.19542796276 391.436654375445
2703.46326308638 362.507820452381
2670.25923203178 283.84419323297
2578.91251998887 48.7083510009007
2579.76755941524 61.3914358243025
2547.98859407098 43.8631275851907
2547.98859407098 43.8631275851907
2478.30288082782 135.637359341187
2333.5162046413 -85.3903323569352
2329.24100750967 -114.604179422088
2360.73495971173 20.9195696461915
2489.56089994068 139.91255647272
2606.70130134348 154.020707006666
2582.76019740722 61.5339423953974
2578.48500027578 58.5413044033144
2593.4481902359 -59.4541364258531
2539.58070637921 -349.312501941074
2483.43311738562 -803.05342416336
2537.58561438449 -916.203641576919
2586.75038139666 -1033.914069264
2586.60787482557 -1033.48654955081
2586.60787482557 -1033.05902983763
2587.17790110974 -1033.48654955081
2770.58385805084 -1013.5356296038
2709.73355221253 -920.193825566262
2381.9684387982 -923.898996413516
2065.88886420981 -1034.62660211917
1928.08501000472 -1099.46709194682
1837.02331110399 -1119.98803817802
1865.95214502696 -1041.60942410059
1922.38474716274 -1057.85517320036
1980.52742815106 -1228.15052560477
2207.11287612017 -1271.61502977486
2383.25099793765 -1380.3475434859
2312.28272555483 -1380.3475434859
2162.08079966833 -1266.91231293025
2162.08079966833 -1266.91231293025
2151.96283312383 -1174.99557460316
2166.35599679996 -1166.3026737692
2172.76879249721 -928.031686973954
2216.66081638049 -463.175252209804
2142.4148928635 -574.33037762854
2177.04398962864 -567.917581931291
