588
-922.369006976394 3325.902544481
-944.337242096108 4370.87805286762
-944.337242096108 4370.87805286762
-652.219088614575 2679.32394866663
-3289.00103903758 2806.38347070934
-3270.59522042401 3548.55357609724
-3293.15719162822 2491.70334602444
-4220.57295532117 2380.67469825856
-3286.03235861677 2407.98655813666
-1225.76814605919 2926.31815973974
-1840.87872940439 2932.25552058304
-1047.05358468153 2701.29218378634
-293.602493691093 3008.25373937487
-293.602493691093 3008.25373937487
2207.80762950917 2923.34947931851
4029.38993617325 2539.20223276959
7597.74380287985 -178.921561204038
9760.13062193919 -805.313130151766
9761.91183019184 -804.719394067267
9762.50556627634 -803.531921898691
9762.50556627634 -804.12565798319
9761.91183019184 -802.938185814614
9761.91183019184 -801.156977561538
9761.91183019184 -799.969505392962
9761.91183019184 -799.375769308463
9761.91183019184 -798.782033224386
9764.88051061349 -779.782478526325
9764.88051061349 -779.782478526325
9764.88051061349 -785.126103285128
9764.286774529 -786.907311538203
9764.286774529 -795.219616718658
9764.286774529 -794.03214454966
9763.6930384445 -794.03214454966
9763.6930384445 -794.03214454966
9762.50556627634 -816.59411575345
9764.88051061349 -805.313130151766
9767.25545495065 -805.313130151766
9762.50556627634 -806.500602320342
9761.31809410734 -808.875546657494
9760.13062193919 -792.844672381084
9761.91183019184 -786.907311538203
9761.91183019184 -804.12565798319
9767.25545495065 -794.625880634159
9765.474246698 -799.969505392962
9764.88051061349 -797.000824971311
9764.286774529 -798.782033224386
9763.6930384445 -798.782033224386
9760.13062193919 -805.313130151766
9754.78699718039 -795.813352802735
9756.56820543304 -796.407088887234
9755.38073326404 -819.562796175101
9758.34941368569 -811.250490994646
9755.38073326404 -807.688074488918
9755.38073326404 -807.688074488918
9757.7556776012 -810.656754910569
9769.6303992878 -798.782033224386
9769.0366632033 -798.188297139887
9767.25545495065 -798.782033224386
9767.84919103515 -799.375769308463
9755.97446934854 -778.00127027325
9758.94314977019 -810.06301882607
9758.94314977019 -809.469282741993
9758.34941368569 -808.281810573417
9744.69348374644 -797.59456105581
9755.38073326404 -804.719394067267
9739.34985898763 -789.875991959855
9764.88051061349 -798.782033224386
9760.72435802285 -800.56324147704
9763.09930236 -818.969060091024
9760.13062193919 -809.469282741993
9758.94314977019 -806.500602320342
9758.34941368569 -804.719394067267
9772.00534362495 -791.657200212508
9760.72435802285 -807.688074488918
9763.6930384445 -806.500602320342
9764.286774529 -804.719394067267
9763.09930236 -803.531921898691
9763.09930236 -805.313130151766
9763.09930236 -806.500602320342
9763.09930236 -807.688074488918
9764.88051061349 -840.343559126237
9763.6930384445 -824.312684849827
9764.286774529 -805.313130151766
9760.72435802285 -797.000824971311
9761.91183019184 -800.56324147704
9755.38073326404 -802.344449730115
9755.97446934854 -801.750713646038
9831.97268814079 -804.12565798319
7848.89416654361 1212.20208433539
5352.23393201765 2403.83040554685
3032.50705061586 2835.47653884051
908.713077037137 2956.59870003991
-651.03161644642 2602.73199379073
-1793.37984265966 2476.85994391702
-5386.67062490678 2401.45546120928
-4542.37791301753 578.091946291702
-4259.75953688545 1067.33047976362
3383.99881252788 2723.26041890564
5836.72257681442 2382.45590651164
5836.72257681442 2382.45590651164
6523.67522636205 2631.2313258374
7732.52189401809 1298.29381656032
9842.06620157389 -808.281810573417
9751.22458067424 -807.688074488918
9751.81831675873 -807.688074488918
9753.00578892689 -807.094338404841
9754.19326109589 -807.094338404841
9754.78699718039 -805.906866235843
9754.78699718039 -805.313130151766
9754.78699718039 -804.719394067267
9755.38073326404 -804.719394067267
9755.38073326404 -805.313130151766
9752.41205284239 -788.688519790857
9757.16194151754 -803.531921898691
9757.16194151754 -807.094338404841
9757.16194151754 -807.094338404841
9758.34941368569 -787.501047622281
9760.13062193919 -796.407088887234
9757.16194151754 -802.344449730115
9758.94314977019 -799.969505392962
9757.7556776012 -801.156977561538
9757.7556776012 -799.375769308463
9758.34941368569 -797.59456105581
9757.7556776012 -797.000824971311
9757.7556776012 -795.813352802735
9757.7556776012 -795.813352802735
9757.7556776012 -795.813352802735
9759.53688585469 -787.501047622281
9757.16194151754 -800.56324147704
9757.16194151754 -800.56324147704
9756.56820543304 -799.375769308463
9757.7556776012 -798.188297139887
9758.34941368569 -801.156977561538
9759.53688585469 -799.969505392962
9760.13062193919 -800.56324147704
9761.91183019184 -802.344449730115
9766.06798278165 -802.938185814614
9758.94314977019 -808.875546657494
9758.94314977019 -808.281810573417
9758.94314977019 -809.469282741993
9758.94314977019 -809.469282741993
9758.94314977019 -807.688074488918
9757.16194151754 -791.657200212508
9758.94314977019 -795.219616718658
9758.94314977019 -798.782033224386
9763.09930236 -796.407088887234
9763.09930236 -801.156977561538
9759.53688585469 -808.875546657494
9759.53688585469 -804.12565798319
9760.13062193919 -803.531921898691
9760.13062193919 -802.938185814614
9760.13062193919 -802.938185814614
9759.53688585469 -803.531921898691
9759.53688585469 -803.531921898691
9758.94314977019 -802.938185814614
9758.94314977019 -802.938185814614
9758.34941368569 -802.938185814614
9757.7556776012 -802.938185814614
9757.7556776012 -802.344449730115
9757.7556776012 -802.344449730115
9758.34941368569 -801.750713646038
9757.16194151754 -827.281365271056
9764.286774529 -801.750713646038
9761.31809410734 -809.469282741993
9760.13062193919 -808.281810573417
9757.7556776012 -806.500602320342
9755.38073326404 -805.906866235843
9754.78699718039 -805.313130151766
9751.22458067424 -804.719394067267
9751.81831675873 -797.000824971311
9739.94359507213 -786.907311538203
9746.47469199993 -789.282255875356
9756.56820543304 -805.906866235843
9756.56820543304 -803.531921898691
9756.56820543304 -803.531921898691
9745.28721983093 -796.407088887234
9757.7556776012 -804.12565798319
9758.94314977019 -800.56324147704
9758.34941368569 -799.969505392962
9758.94314977019 -800.56324147704
9753.00578892689 -819.562796175101
9760.72435802285 -793.438408465583
9758.34941368569 -798.782033224386
9759.53688585469 -798.782033224386
9758.94314977019 -801.156977561538
9759.53688585469 -808.281810573417
9759.53688585469 -810.656754910569
9759.53688585469 -811.844227079145
9759.53688585469 -813.031699247721
9757.16194151754 -810.656754910569
9758.94314977019 -804.719394067267
9759.53688585469 -792.844672381084
9758.94314977019 -793.438408465583
9758.94314977019 -801.750713646038
8477.06694374357 705.151468334407
6151.40270149932 2326.64471458645
3008.16387115984 2831.32038625028
630.250853495705 2956.00496395541
-1120.08312305128 2609.26309071811
-1060.11577853628 2468.54763873657
-3096.036811637 2894.85014727142
-3096.036811637 2894.85014727142
-920.587798722898 2985.69176817108
-625.500964820558 2592.04474427312
9763.09930236 -813.62543533222
9757.16194151754 -782.157422863477
9756.56820543304 -792.250936297007
9758.94314977019 -797.59456105581
9758.34941368569 -798.782033224386
9757.7556776012 -797.000824971311
9756.56820543304 -797.59456105581
9755.97446934854 -797.000824971311
9755.97446934854 -795.813352802735
9755.97446934854 -795.219616718658
9755.97446934854 -795.219616718658
9755.97446934854 -795.219616718658
9755.97446934854 -795.219616718658
9753.00578892689 -817.187851837949
9751.81831675873 -811.250490994646
9748.84963633708 -794.03214454966
9753.59952501139 -797.000824971311
9759.53688585469 -804.12565798319
9757.7556776012 -807.094338404841
9767.84919103515 -783.344895032053
9761.31809410734 -801.750713646038
9758.94314977019 -801.156977561538
9758.34941368569 -802.938185814614
9755.38073326404 -829.062573524131
9760.72435802285 -805.906866235843
9754.19326109589 -801.156977561538
9755.97446934854 -799.375769308463
9762.50556627634 -801.750713646038
9777.94270446825 -810.656754910569
9773.19281579395 -808.875546657494
9770.8178714568 -807.688074488918
9770.8178714568 -807.688074488918
9761.31809410734 -817.187851837949
9759.53688585469 -806.500602320342
9759.53688585469 -802.938185814614
9755.97446934854 -807.688074488918
9754.78699718039 -805.313130151766
9754.19326109589 -804.719394067267
9753.59952501139 -803.531921898691
9754.19326109589 -801.750713646038
9754.19326109589 -800.56324147704
9754.78699718039 -800.56324147704
9753.59952501139 -798.188297139887
9755.38073326404 -805.313130151766
9729.85008163902 -806.500602320342
9747.66216416809 -815.406643584874
9762.50556627634 -801.750713646038
9764.286774529 -802.344449730115
9758.94314977019 -802.344449730115
9749.44337242159 -793.438408465583
9755.38073326404 -805.906866235843
9756.56820543304 -795.219616718658
9756.56820543304 -809.469282741993
9757.16194151754 -804.719394067267
9755.97446934854 -801.750713646038
9756.56820543304 -800.56324147704
9757.7556776012 -799.969505392962
9758.34941368569 -799.375769308463
9758.94314977019 -798.782033224386
9758.94314977019 -798.782033224386
9758.94314977019 -798.782033224386
9758.94314977019 -798.188297139887
9758.94314977019 -798.782033224386
9754.19326109589 -804.719394067267
9754.78699718039 -802.938185814614
9754.78699718039 -801.156977561538
9755.38073326404 -801.156977561538
9755.38073326404 -802.938185814614
9755.97446934854 -804.12565798319
9757.7556776012 -813.031699247721
9757.16194151754 -810.656754910569
10000 -754.251826900884
7090.69318687887 1525.69473685129
4310.22710405268 2588.4823277674
1534.51090990079 2947.09892269088
-1637.22725248621 2937.00540925735
-4184.35505417855 3103.84524894883
-5419.9198456286 3593.08378242075
-3784.17693335279 3235.65465966584
-3687.39795161068 2956.00496395541
-4278.75909158351 2996.97275377276
-3942.11073177974 3027.25329407293
-3156.00415615199 2904.34992462045
-712.78016921491 3009.44121154344
-2007.71856909545 2920.97453498094
1181.83167582061 3411.99427670593
156.449458215702 2977.97319907512
-3069.31868784298 3354.99561261217
-4338.13270001485 5154.60968415738
-3521.74558408777 4671.30851152876
-4632.62579783269 6797.47742944464
-3889.26822027621 7717.17462404163
-3889.26822027621 7717.17462404163
-3723.0221166688 5840.37486153602
-4380.28796200078 3419.71284580188
-2911.38488941688 3343.71462701006
-3736.67804660806 2890.69399468119
-5463.85631586718 3349.65198785336
-5678.78877838747 3391.80724983929
-5867.59685319824 2526.14003891483
-5910.93958735316 4160.10174293714
-6627.57904111647 4808.46154700416
-5489.9807035767 4914.74030609572
-4313.78952055798 7061.09625087823
-3993.17203503062 7262.37278345969
-2802.13744990366 5502.53902956325
-3293.15719162822 3705.29990235519
-1376.57711147384 2938.19288142635
-1418.13863737527 2476.85994391702
9754.78699718039 -805.906866235843
9754.78699718039 -796.407088887234
9754.78699718039 -797.000824971311
9755.38073326404 -795.813352802735
9755.97446934854 -794.625880634159
9755.97446934854 -794.625880634159
9756.56820543304 -794.625880634159
9757.16194151754 -794.625880634159
9757.16194151754 -794.625880634159
9757.16194151754 -794.625880634159
9757.16194151754 -795.219616718658
9757.16194151754 -795.219616718658
9757.16194151754 -795.219616718658
9757.7556776012 -795.813352802735
9757.7556776012 -796.407088887234
9772.59907970945 -788.09478370678
9762.50556627634 -791.063464128431
9747.06842808359 -807.688074488918
9754.19326109589 -802.938185814614
9754.78699718039 -810.656754910569
9754.19326109589 -797.000824971311
9753.59952501139 -804.12565798319
9752.41205284239 -810.06301882607
9765.474246698 -800.56324147704
9760.13062193919 -797.59456105581
9759.53688585469 -801.156977561538
9760.13062193919 -801.750713646038
9761.91183019184 -797.59456105581
9760.72435802285 -805.313130151766
9759.53688585469 -802.938185814614
9758.94314977019 -802.938185814614
9758.94314977019 -801.750713646038
9758.94314977019 -801.156977561538
9754.19326109589 -808.281810573417
9757.16194151754 -811.250490994646
9755.38073326404 -805.313130151766
9755.97446934854 -801.156977561538
9757.7556776012 -799.375769308463
9757.7556776012 -799.375769308463
9758.34941368569 -799.375769308463
9758.94314977019 -799.375769308463
9758.94314977019 -799.375769308463
9758.34941368569 -798.782033224386
9754.78699718039 -799.969505392962
9752.41205284239 -799.375769308463
9753.00578892689 -800.56324147704
9743.50601157828 -796.407088887234
9751.81831675873 -805.906866235843
9742.91227549378 -780.969950694901
9755.97446934854 -795.813352802735
9754.78699718039 -805.313130151766
9754.78699718039 -804.12565798319
9754.78699718039 -803.531921898691
9755.38073326404 -802.938185814614
9756.56820543304 -802.344449730115
9757.16194151754 -802.344449730115
9757.16194151754 -801.750713646038
9750.63084458974 -795.813352802735
9757.16194151754 -793.438408465583
9757.16194151754 -794.625880634159
9757.16194151754 -795.813352802735
9757.16194151754 -795.219616718658
9757.16194151754 -795.813352802735
9757.16194151754 -796.407088887234
9754.78699718039 -800.56324147704
9757.16194151754 -808.281810573417
9757.16194151754 -808.281810573417
9757.16194151754 -809.469282741993
9756.56820543304 -794.625880634159
9755.97446934854 -802.344449730115
6289.74320914371 2113.49346031882
2698.23363514924 2873.47564823621
-713.967641383064 2969.06715781017
-3189.25337687381 7319.37144755345
-3237.93973578754 7795.54778717061
-3230.81490277524 6247.08407928873
-2599.67344515363 2834.88280275601
-6018.40581861373 -475.195867274954
-10000 -1323.64473175485
-6672.70298352405 -563.06880775296
-3594.77512245752 81.1348437238311
-2609.17322250224 1547.0692358865
-2608.57948641774 1538.75693070605
-2606.79827816508 1537.56945853747
-2606.79827816508 1537.56945853747
-2589.57993172052 2041.05765803314
-883.182425412118 3047.44032093914
-925.337687398047 3343.12089092598
-949.087130770413 3892.92050499739
-1391.42051358125 2476.26620783253
9756.56820543304 -821.937740512253
9756.56820543304 -791.657200212508
9766.66171886615 -832.62499002986
9745.88095591543 -800.56324147704
9745.88095591543 -800.56324147704
9765.474246698 -814.219171416298
9760.72435802285 -809.469282741993
9763.09930236 -811.250490994646
9767.84919103515 -799.969505392962
9764.88051061349 -796.407088887234
9770.8178714568 -789.282255875356
9772.59907970945 -781.5636867794
9756.56820543304 -801.750713646038
9757.7556776012 -808.281810573417
9759.53688585469 -808.281810573417
9760.72435802285 -825.500157018403
9751.81831675873 -816.000379669373
9766.06798278165 -813.62543533222
9760.72435802285 -819.562796175101
9749.44337242159 -783.344895032053
9726.88140121737 -808.875546657494
9744.09974766278 -840.937295210314
9757.7556776012 -810.06301882607
9755.97446934854 -810.656754910569
9762.50556627634 -780.376214610824
9753.59952501139 -803.531921898691
9755.38073326404 -813.031699247721
9757.7556776012 -816.000379669373
9758.94314977019 -816.59411575345
9766.66171886615 -805.313130151766
9759.53688585469 -804.12565798319
9766.06798278165 -794.03214454966
9766.06798278165 -794.03214454966
9759.53688585469 -811.844227079145
9769.0366632033 -808.281810573417
9768.4429271188 -774.438853767522
9764.88051061349 -819.562796175101
9757.7556776012 -821.344004428176
9795.16105091282 -827.281365271056
9760.13062193919 -786.313575453705
9759.53688585469 -785.719839369627
9764.88051061349 -815.406643584874
9767.25545495065 -817.781587922448
9753.00578892689 -824.312684849827
9760.13062193919 -837.374878704586
9760.13062193919 -818.375324006525
9758.94314977019 -822.531476596752
9765.474246698 -801.156977561538
9769.0366632033 -792.844672381084
9760.13062193919 -820.1565322596
9760.13062193919 -819.562796175101
9764.286774529 -801.156977561538
9760.72435802285 -813.031699247721
9760.13062193919 -810.656754910569
9753.59952501139 -789.282255875356
9761.91183019184 -826.687629186979
9757.16194151754 -797.59456105581
9757.16194151754 -797.59456105581
9755.97446934854 -741.189633046125
9764.88051061349 -810.656754910569
9764.88051061349 -810.656754910569
9750.03710850524 -829.062573524131
9760.72435802285 -798.188297139887
9763.09930236 -801.156977561538
9764.286774529 -801.156977561538
9760.13062193919 -812.437963163644
9759.53688585469 -808.281810573417
9757.7556776012 -810.06301882607
9772.59907970945 -820.750268343677
7892.23690069769 1175.39044710826
4187.3237346002 2554.6393709615
2976.10212260702 2833.69533058743
699.12423927565 2960.75485263014
-2466.08282618354 3986.1370702342
-744.84191776773 3051.59647352937
-2588.39245955152 4620.24720827788
-2526.64390678303 2910.28728546375
-590.470535846931 2738.69755709797
2340.80451239476 2897.81882769307
4402.25619712049 2500.60938728939
7605.46237197581 1371.91709101499
9753.00578892689 -786.313575453705
9755.38073326404 -797.000824971311
9770.2241353723 -803.531921898691
9770.2241353723 -803.531921898691
9769.0366632033 -803.531921898691
9764.286774529 -785.126103285128
9755.38073326404 -791.063464128431
9756.56820543304 -789.875991959855
9756.56820543304 -791.063464128431
9757.7556776012 -801.750713646038
9760.13062193919 -804.719394067267
9758.34941368569 -804.12565798319
9757.16194151754 -802.938185814614
9761.91183019184 -814.812907500796
9761.31809410734 -811.844227079145
9762.50556627634 -796.407088887234
9763.6930384445 -795.813352802735
9759.53688585469 -795.813352802735
9753.00578892689 -799.375769308463
9754.78699718039 -800.56324147704
9743.50601157828 -805.906866235843
9746.47469199993 -801.750713646038
9765.474246698 -814.219171416298
9757.7556776012 -801.156977561538
9755.38073326404 -797.000824971311
9757.16194151754 -794.03214454966
9757.7556776012 -811.844227079145
9757.7556776012 -813.031699247721
9757.7556776012 -813.62543533222
9757.7556776012 -810.656754910569
9773.78655187761 -783.938631116552
9753.00578892689 -804.12565798319
9753.00578892689 -804.12565798319
9753.00578892689 -807.688074488918
9751.81831675873 -804.719394067267
9753.00578892689 -808.281810573417
9753.00578892689 -808.875546657494
9753.00578892689 -808.281810573417
9752.41205284239 -807.688074488918
9753.00578892689 -807.688074488918
9752.41205284239 -807.688074488918
9758.34941368569 -796.407088887234
9765.474246698 -798.782033224386
9756.56820543304 -808.281810573417
9756.56820543304 -808.281810573417
9755.97446934854 -798.188297139887
9755.38073326404 -802.344449730115
9755.38073326404 -802.938185814614
9754.78699718039 -802.344449730115
9759.53688585469 -822.531476596752
9753.59952501139 -805.313130151766
9755.97446934854 -802.938185814614
9767.84919103515 -798.188297139887
9765.474246698 -797.000824971311
9760.72435802285 -820.1565322596
9759.53688585469 -816.000379669373
9763.09930236 -858.155641655301
9772.00534362495 -842.71850346339
9723.31898471122 -798.188297139887
9744.09974766278 -805.313130151766
9748.84963633708 -799.375769308463
9764.286774529 -792.250936297007
9759.53688585469 -797.59456105581
9757.7556776012 -798.782033224386
9744.09974766278 -790.469728043932
9750.03710850524 -802.344449730115
9753.00578892689 -818.375324006525
9751.81831675873 -807.688074488918
9753.00578892689 -805.906866235843
9754.19326109589 -805.313130151766
9751.22458067424 -807.688074488918
9758.94314977019 -805.906866235843
9757.16194151754 -808.875546657494
9756.56820543304 -805.313130151766
9756.56820543304 -805.313130151766
9759.53688585469 -802.938185814614
9754.19326109589 -800.56324147704
9754.19326109589 -799.375769308463
9757.16194151754 -804.12565798319
9759.53688585469 -819.562796175101
9758.94314977019 -807.688074488918
9757.7556776012 -807.688074488918
9754.19326109589 -791.657200212508
9756.56820543304 -786.313575453705
9756.56820543304 -792.250936297007
9757.16194151754 -794.625880634159
9758.94314977019 -816.000379669373
9755.38073326404 -809.469282741993
9754.78699718039 -805.906866235843
9753.59952501139 -805.313130151766
9753.59952501139 -804.719394067267
7987.82841027165 1098.79849223194
4553.06516253514 2505.35927596369
1088.6151105838 2940.5678257635
-314.976992726306 3015.37857238632
-2507.05061600132 2909.69354937925
-4907.52560486881 3345.49583526314
-7527.68294493091 3605.552240191
-5090.39631883628 3986.7308063187
-2599.67344515363 3225.56114623231
-1149.76992726695 3922.60730921306
266.29063381342 2977.37946299062
2630.54772153829 2221.55342766346
1185.98782841041 2564.73288439503
