1000
-1975.45483905681 -897.499168155167
-1405.42577241918 -896.960897082066
-1299.92464205009 -892.116457422246
-1108.30013995044 -889.963373129077
-376.789751319046 -772.082008073313
568.952524491422 -697.800599956318
1083.53967057785 -675.193214877282
1107.76186887695 -336.620709763701
1107.76186887695 -294.0972949719
1550.22069114032 149.438069437668
1576.05770265911 391.660052428319
2316.71869953742 189.270128862818
2324.25449456389 193.038026376054
2324.25449456389 193.038026376054
2899.12800086134 -30.3444690487974
2916.35267520745 -789.844953492911
2902.89589837419 -1138.64460899923
3189.79438044982 -1289.89878060026
3061.68586500207 -1259.21732942127
3061.68586500207 -1259.21732942127
3098.28829798671 -1261.90868478792
3099.90311120716 -1261.90868478792
2932.5008074066 -1577.87380482246
2927.65636774678 -1398.6295374091
2932.5008074066 -1289.36050952678
2932.5008074066 -1289.36050952678
2932.5008074066 -1289.36050952678
2932.5008074066 -1289.36050952678
2899.12800086134 -1927.21173140227
2881.36505544174 -2023.02398245172
3561.20142103556 -3164.6969289478
1120.68037463673 -3957.03194886369
529.658736139374 -3955.95540671711
-312.197222520927 -4403.25866863991
-310.044138227757 -4439.86110162492
-264.291096996203 -5276.33434955269
-250.834320163707 -5435.1243161798
-464.527936268536 -6081.58787522835
-509.742706426607 -6167.71124695816
-630.31542684864 -5599.29699354022
-242.221982990268 -5077.71232350042
-248.142964797056 -4947.98899483223
-300.355258908116 -4015.16522478154
-320.809559694366 -3637.83720238939
-320.809559694366 -3637.83720238939
-365.486058778954 -2581.21108547691
-353.10582409266 -2372.36190903152
116.80482290918 -1823.86368532597
342.340402626818 -1817.94270351956
901.065776725114 -1183.85937915769
1221.87533641948 -808.146169985227
1221.87533641948 -808.146169985227
1208.41855958699 -673.578401657215
2623.53321132504 -694.032702443082
2620.30358488567 -870.047343416311
2611.69124771224 -1142.41250651247
2871.6761761221 -1147.25694617229
3130.58456238577 -662.274709117506
3231.24125309503 -662.274709117506
3529.98169878346 -474.95637560495
3398.1052858221 -457.193430185735
3603.72483582774 -655.277185164516
3575.73474001502 -660.121624824337
4329.31424265311 -682.729009903373
4438.04499946157 -752.704249434031
4313.70438152668 -2382.58905942465
4242.11432877634 -2798.13432802188
4459.57584239478 -2959.07737894216
-356.335450532795 -2959.07737894216
4459.57584239478 -2959.07737894216
4384.21789213082 -2101.61155915543
3065.45376251493 -2031.63631962478
2785.5528043923 -1114.96068177361
3090.752502961 -1153.1779279787
3187.10302508393 -1154.25447012528
4871.89148455149 -1441.69122327439
5002.69135536665 -1508.97510743839
5562.49327161192 -2076.31281870975
5559.26364517178 -2123.14240208788
5550.11303692562 -2306.1545670141
5468.29583378215 -2260.40152578255
5078.04930563061 -1542.34791398365
4878.35073743177 -1440.07641005432
3626.87049197988 -1152.6396569056
3511.68048229115 -1151.02484368553
2980.40693293132 -1279.67163020713
2932.5008074066 -1280.20990128062
2927.1180966733 -802.225188178822
2931.4242652604 -729.020322208411
2989.01927010476 -265.568928086459
2978.79211971164 38.5542283352763
2620.84185595916 161.280033050478
2491.1185272902 207.033074282033
2337.17300032291 646.262270105264
2329.09893422372 877.180560556206
2334.48164495625 1385.84672483661
2335.01991602974 1384.77018269003
2599.31101302594 1311.02704564613
2599.31101302594 1311.02704564613
2599.84928409943 1311.02704564613
2128.86209495138 1136.08894681949
2098.18064377201 1066.11370728883
1978.14619442346 1582.85393766881
2042.20045214809 2459.15924502172
2341.47916890924 2702.99604123244
2289.80514587167 2993.12414974781
2247.28173108025 3018.9611612666
2241.89902034694 2981.8204572081
2374.31370438179 2902.69460943129
2925.50328345361 2450.00863677556
2927.65636774678 2347.73713284584
2935.19216277325 1552.7107575633
2922.81192808696 1316.94802745254
3813.11228334623 918.627433201423
3971.36397889986 920.242246421108
4433.20055980175 522.459923243095
4601.14113467578 518.153754656758
5249.21950694402 540.761139735793
5300.35525890888 541.837681882378
5113.57519646904 695.783208849672
5115.19000968873 864.800325869912
5934.97685434386 1147.3926393592
5854.23619334736 945.540986866796
4452.57831844103 928.854583594165
4223.81311228326 925.624957154412
4176.44525783202 138.672647971443
3981.0528582195 146.208442997915
3845.94681881801 143.517087631263
3845.94681881801 144.055358704364
3523.52244590396 -35.1889087086181
3078.91053934742 -57.7962937876537
2879.75024222206 7.87277715628458
2744.64420282056 40.707312628445
2698.35289051552 149.438069437668
2698.35289051552 149.438069437668
2670.36279470357 149.438069437668
2670.36279470357 149.438069437668
2339.86435568956 376.588462375374
2339.86435568956 389.506968135151
2339.86435568956 389.506968135151
2795.77995478542 120.371431478744
2869.52309182893 119.29488933216
2626.76283776518 -613.830312519681
2625.68629561898 -642.896950478606
2907.74033803401 -1492.28870416576
2896.97491656817 -1891.14756949036
2951.87856604588 -2020.87089815855
2951.87856604588 -2020.87089815855
3127.35493594563 -2037.01903035808
3748.51975454888 -1855.62167865155
3737.75433308227 -1707.59713349066
3744.21358596178 -1704.905778124
3586.50016148163 -1844.85625718532
3270.53504144708 -1570.87628086909
3057.91796748845 -1253.83461868835
3054.1500699756 -1257.6025162012
3054.1500699756 -1257.6025162012
3047.15254602261 -1267.29139552084
3047.15254602261 -1267.29139552084
3047.15254602261 -1267.29139552084
3047.15254602261 -1267.29139552084
3047.15254602261 -1267.29139552084
3047.15254602261 -1267.29139552084
3047.15254602261 -1267.29139552084
3047.15254602261 -1267.29139552084
3047.15254602261 -1267.29139552084
3047.15254602261 -1267.29139552084
3047.15254602261 -1267.29139552084
3047.15254602261 -1267.29139552084
3047.15254602261 -1267.29139552084
3047.15254602261 -1267.29139552084
3047.15254602261 -1267.29139552084
3047.15254602261 -1267.29139552084
3047.15254602261 -1267.29139552084
3047.15254602261 -1267.29139552084
3047.15254602261 -1267.29139552084
2093.87447518567 -1342.11107471132
702.982021745951 -234.349205834366
982.344708795099 -52.951854127833
982.344708795099 -52.951854127833
1699.32177844779 -414.13174432045
1528.15157713439 -487.336610291243
975.885455915593 -456.11688803915
1368.2850683603 -662.812980190989
2606.84680805241 -1145.10386187912
2358.70384325536 -1822.24887210628
2892.13047690835 -1747.42919291581
2938.96006028687 -224.122055441242
2832.9206588443 2620.64056701549
5058.67154699133 5054.70236053481
5651.84626978186 5591.89689170065
9403.05737969662 7494.68513586053
9675.42254279278 7728.29478167813
9747.01259554312 8981.3898403497
9879.96555065145 9399.62646431358
5982.88297986858 5891.17560846257
3006.24394445088 3214.8918319526
2927.65636774678 467.556273765382
2924.42674130741 267.857705566533
2753.79481106672 -421.667539346922
2620.30358488567 -755.395604800683
482.829152761617 -691.879618149913
-564.108084831601 -802.225188178822
-1654.64527936244 -884.580662395773
-1838.19571536214 -888.348559909009
-2895.8983744212 -434.047774033216
-2809.7750026914 -422.205810420406
-2718.26892022829 -683.267280976856
-2848.53051996996 -864.664632683007
-1907.0944127466 -895.346083861999
-1247.71234793827 -888.348559909009
-333.728065453377 -597.143909247051
-367.100871999404 -388.294732801661
2924.42674130741 -973.933660565714
3137.04381526527 134.366479384723
3874.47518570345 130.598581871869
3822.80116266587 174.736809883356
3685.54203897121 426.647672193648
3357.73495532385 352.904535149754
2979.86866185861 153.205966950905
2914.73786198777 -222.507242221174
2655.8294757241 -446.96627979261
2907.2020669613 -959.938612659353
2280.65453762551 -1139.18288007272
2382.38777048098 -1144.56559080564
2903.97244052116 -1692.52554343771
2509.95801485677 -2340.06564463285
3504.68295833816 -3329.40787738132
3051.99698568243 -3421.99050199101
3268.38195715391 -3473.66452502897
3117.12778555327 -2948.31195747594
2926.57982560058 -759.701773387402
2938.42178921339 -302.171361071473
3745.29012810874 121.447973625329
4388.52406071716 44.4752101416813
4783.07675745504 138.672647971443
4291.09699644726 152.12942480432
3834.64312627868 905.708927441646
3836.79621057185 1239.97526396889
3344.81644956408 1508.03425847833
2996.01679405775 1510.18734277188
2612.7677898592 1506.41944525864
1524.92195069425 1503.18981881851
1451.71708472422 1523.64411960438
1007.10517816769 1842.30059500557
1575.51943158562 1862.75489579144
1570.6749919258 1830.45863139276
1988.37334481658 1902.58695521659
1711.70201313409 2023.69794671172
1922.16600279878 2245.46562891651
2327.48412100327 1681.35754408529
2316.18042846394 1159.77287404511
2318.87178383059 849.728735817349
2309.18290451095 273.778687372938
2898.05145871437 103.14675713263
2914.73786198777 -65.3320888141264
2620.84185595916 -669.810504143978
2620.84185595916 -669.810504143978
2645.60232533098 -990.081792764861
2899.66627193482 -1265.13831122767
2893.74529012804 -1809.86863741999
3077.83399720122 -1280.74817235372
3077.83399720122 -1280.74817235372
3058.45623856194 -1256.52597405462
3060.07105178162 -1257.0642451281
2929.80945203995 -1325.96294251217
2929.80945203995 -1325.96294251217
2646.67886747795 -1592.94539487503
2604.15545268576 -1592.94539487503
2221.98299063418 -1981.0388387334
1707.93411562047 -2152.20904004681
1707.93411562047 -2152.20904004681
1550.7589622138 -2148.97941360706
1137.90504898284 -2159.2065639998
1106.68532673075 -2160.28310614638
883.302831306282 -2576.36664581709
870.384325546505 -2580.13454333033
-1178.27537948109 -2626.96412670847
-1688.55635698119 -2623.19622919523
-2376.46678867495 -3224.44501808533
-2435.67660673901 -3226.0598313054
-1513.07998708144 -2638.80609032128
-1202.4975777802 -2636.65300602811
106.577672516056 -2638.80609032128
219.076326838132 -2632.34683744139
372.483582731944 -2538.68767068511
383.787275272036 -2363.74957185847
643.772203681901 -2276.54965798208
637.312950802396 -2199.57689449843
773.495532350093 -1950.89565862789
756.809129077461 -1572.49109408916
1300.46291312281 -1168.78778910474
1304.76908170992 -1128.41745860649
2290.88168801787 -663.889522337573
2641.83442781813 -1087.50885703476
2641.83442781813 -1087.50885703476
1584.67003983178 -1152.6396569056
1353.21347830812 -1161.25199407827
340.725589407133 -941.099125093553
157.17515340743 -946.481835826857
-438.152653676263 -1041.7558158032
-461.836580901883 -1147.25694617229
-446.226719776219 -1322.73331607204
-444.611906555769 -1331.88392431858
276.133060609014 -947.020106899958
449.456346216355 -944.328751533306
1051.24340617956 -667.119148777326
1078.15695984531 -666.580877704225
1246.63580579207 -454.502074819083
1277.31725697068 -546.008157282192
1101.30261599745 -464.190954138724
1084.07794165133 -323.702204003925
628.700613628956 -252.650422326682
463.989665195817 -255.880048766818
-9.1506082461583 -249.420795886929
-11.8419636128092 -217.124531488252
-5.92098180602261 -70.714799547048
-8.61233717267351 -14.1963368492677
-16.1481321991469 272.702145226354
-15.6098611256639 369.052667349284
-241.683711917549 869.644765529733
-241.683711917549 869.644765529733
-394.552696737877 947.155800086864
-721.821509311749 950.9236976001
-721.283238239032 950.9236976001
-841.317687587582 373.358835935621
-841.317687587582 373.358835935621
-827.860910754322 200.035550329044
-823.554742167984 131.675124018453
-833.243621487625 -263.954114866391
-1103.45570029061 -302.171361071473
-1548.06760684715 -317.78122219752
-1548.06760684715 -317.78122219752
-2132.62999246424 -331.776270103881
-2373.23716223482 -339.850336203454
-2935.19216277325 -421.129268273821
-2966.41188502535 -425.973707933642
-3181.18204327714 -430.279876519979
-3214.01657874892 -428.665063299912
-3426.09538163406 -431.356418666564
-3450.85585100665 -432.971231886631
-3613.41371514738 -442.121840132789
-3785.66045860699 -453.425532672498
-4437.50672838885 -470.111935945129
-5359.56507697293 -463.652683065241
-5549.03649477866 -462.576140918656
-5883.841102379 -871.662156636379
-5729.89557541171 -870.585614489794
-5219.07632683813 -935.716414360632
-5251.37259123719 -1097.7360074275
-5394.55269673788 -1292.05186489343
-5426.84896113694 -1259.75560049475
-4863.27914737882 -1033.68174970325
-4143.61072236024 -857.128837656917
-3863.70976423761 -856.052295510332
-2716.6541070086 -872.20042770948
-2661.21218645741 -884.580662395773
-2212.29411131454 -894.807812788515
-2029.8202174618 -894.807812788515
-1743.4600064589 -537.934091182618
-1734.84766928622 -509.943995370279
-1013.02615997447 -307.554071804777
-948.971902249838 -302.171361071473
-948.971902249838 -302.171361071473
-144.794918721136 -280.640518139022
163.096135213453 -271.489909892864
595.866078157178 -260.186217353155
624.932716116102 -263.954114866391
1689.09462805467 -321.010848637655
1569.5984497796 -85.24811852651
1452.25535579694 1603.30823845468
1805.89945096385 2345.58404855267
2287.6520615785 2553.89495392458
2165.46452793602 3065.25247357164
2130.47690817107 3087.85985865067
1172.89266874779 3439.35086952403
2145.54849822401 3040.49200419943
2321.02486812376 2927.99334987697
2928.19463882026 2159.3422571867
2925.50328345361 1969.3325683075
2924.96501238013 1347.09120755805
2923.35019916044 1180.22717483097
2328.02239207675 644.647456885196
2326.40757885706 439.027906879942
2910.96996447415 66.544324147616
2906.66379588781 -144.996207664426
3175.79933254384 -670.348775217462
3476.15459145272 -670.887046290563
4577.99547852288 -682.729009903373
4876.73592421131 -682.190738830272
5258.37011519018 -563.771102701407
5145.33318979462 -668.195690924293
3807.72957261293 -673.578401657215
3807.72957261293 -673.578401657215
3776.50985036084 -797.380748519001
3782.43083216762 -1028.83731004343
3147.80923673188 -1284.51606986696
3100.44138227987 -1252.75807654138
3058.45623856194 -1254.37288976145
3053.61179890212 -1252.75807654138
3053.61179890212 -1252.75807654138
3053.61179890212 -1252.75807654138
3053.61179890212 -1252.75807654138
3053.61179890212 -1252.75807654138
3053.61179890212 -1252.75807654138
3053.61179890212 -1252.75807654138
3053.61179890212 -1252.75807654138
3053.61179890212 -1252.75807654138
3053.61179890212 -1252.75807654138
3053.61179890212 -1252.75807654138
3053.61179890212 -1252.75807654138
3053.61179890212 -1252.75807654138
3053.61179890212 -1252.75807654138
3053.61179890212 -1252.75807654138
3107.43890623363 -1261.37041371444
2773.71084077949 -1594.5602080951
2643.44924103781 -1162.86680729834
2352.78286144934 -1355.0295804711
2626.76283776518 -1591.86885272844
2877.05888685541 -1148.87175939236
2877.05888685541 -1148.87175939236
2901.81935622799 -1148.33348831888
2954.03165033905 -65.8703598872273
2934.65389169977 97.2257753262253
2212.29411131454 -650.432745504696
2057.27204220027 -1163.40507837182
559.263645171781 -1864.7722868977
-795.026375282543 -1848.62415469856
-2833.45892991702 -1947.66603218814
-2782.32317795216 -2042.401741091
-2104.63989665228 -2027.86842211154
-1756.37851221867 -1906.21915954292
-1354.29002045432 -1223.69143858284
-850.46829583374 -1051.98296619595
259.984928409865 -706.951208202476
640.542577241766 -475.494646678051
1095.38163419142 -491.104507804479
2263.96813435288 -1134.3384404129
1677.79093551534 -326.93183044406
1569.06017870612 214.030598235022
569.490795564905 609.121566046384
574.335235224726 139.210919044544
583.485843470884 -469.035393798545
938.744751857479 -460.961327698971
1528.15157713439 -663.889522337573
2224.67434600083 -663.351251264472
2310.25944665715 -1140.2594222193
2355.47421681599 -1186.55073452396
2470.12595543123 -1301.20247313959
2118.09667348478 -1297.43457562635
2118.09667348478 -1297.43457562635
2003.98320594225 -490.566236730996
1251.48024545189 -274.719536332617
619.011734309315 -254.26523554675
304.123156421736 -256.956590913402
-362.794703412301 -298.403463558237
-400.473678544666 -303.247903218058
-1330.6060932287 -309.707156097946
-1782.75379481095 -323.702204003925
-2693.5084508557 -132.077701904649
-2512.11109914993 -15.272878995852
-2358.70384325536 -326.393559370577
-2358.70384325536 -326.393559370577
-2357.08903003567 -379.682395628604
-2354.9359457425 -647.203119064943
-2347.93842178951 -1037.44964721648
-2120.24975777794 -988.466979545176
-2120.24975777794 -988.466979545176
-1842.50188394848 -895.884354935482
-1274.62590160402 -885.657204542357
-1254.17160081854 -885.118933469256
-1229.41113144595 -350.61575766968
-1235.87038432546 -246.729440520277
-833.781892561108 -219.815886854904
-607.708041769987 -310.78369824453
229.303477231257 -267.722012379628
588.330283130705 -258.57140413347
1046.39896651974 -283.331873505674
1325.76165356888 -280.102247065921
1339.75670147486 -578.304421680869
1362.36408655428 -448.042821939194
1738.07729572636 -658.506811604652
2616.53568737206 -764.546213047223
2620.30358488567 -704.798123909307
1099.68780277776 -564.30937377489
1014.10270212068 -457.193430185735
780.493056303081 -463.652683065241
862.848530520034 -451.810719452431
1268.16664872452 -660.121624824337
2331.7902895896 -663.889522337573
2619.76531381219 -817.296778231767
974.808913769391 -664.966064484158
-167.940574873273 -716.101816449016
-460.221767682198 -774.235092366864
-1208.41855958699 -621.366107545772
-1218.10743890586 -512.097079663447
-1739.15383787256 -323.163932930824
-1910.86231025945 -328.008372590644
-3381.95715362296 -350.61575766968
-3401.33491226224 -348.462673376511
-2724.18990203508 -179.983827429755
-2730.1108838411 -227.889952954478
-2350.62977715617 -767.775839486976
-2346.86187964255 -835.059723650982
-2345.78533749635 -853.36094014368
-2345.78533749635 -853.36094014368
-2345.78533749635 -853.36094014368
-1951.2326407577 -892.116457422246
-1864.57099795441 -895.884354935482
-1807.51426418353 -897.499168155167
-1846.80805253558 -887.810288835526
-1801.59328237675 -903.958421035056
-1392.50726665941 -893.19299956883
-307.891053934589 -758.625231240818
-22.0691140059353 -719.869713962253
-22.0691140059353 -719.869713962253
262.676283776518 -319.934306491071
245.989880503888 -220.892429001489
484.443965981302 -167.065321669978
478.522984174515 -162.759153083641
483.905694907819 -17.4259632894031
477.984713101796 96.149233179641
1152.97663903579 127.368955431734
1152.97663903579 127.368955431734
1355.90483367401 51.4727340946706
774.572074497059 -179.445556356271
774.572074497059 -179.445556356271
671.22402842114 -241.346729787356
667.994401981005 -242.42327193394
266.982452362856 -259.109675206571
34.9876197657122 -268.260283452729
-973.194100548941 -292.482481751832
-1181.50500592123 -301.094818924889
-2122.40284207111 -322.087390784239
-2275.81009796569 -314.013324684283
-3885.77887824354 -439.430484766137
-4224.35138335674 -454.502074819083
-4567.76832813052 -452.887261599015
-4597.37323716217 -422.744081493507
-4609.75347184846 -12.5815236295824
-4609.21520077498 58.4702580476599
-3910.00107654188 51.4727340946706
-3846.48508989149 48.7813787280186
-3457.85337495964 73.5418481006053
-3356.1201421034 73.0035770271219
-2627.30110883866 -370.531787382446
-2380.23468618781 -353.845384109433
-1118.52729034356 -314.013324684283
-765.959737323619 -302.709632144957
237.377543331213 -272.028180965965
237.377543331213 -272.028180965965
613.62902357601 -451.810719452431
616.320378942663 -469.035393798545
544.730326192319 -481.415628484838
584.024114544367 -562.156289481722
-440.844009042916 -767.237568413493
-611.475939282842 -810.837525351879
-1198.72968026734 -875.430054149615
-1569.06017870612 -877.583138442784
-1488.31951770885 -323.702204003925
-979.115082355729 -304.324445365024
-33.9110776187445 -276.334349552685
-33.3728065452615 -276.872620625786
256.755301970496 -48.6456855414957
275.056518462812 -47.5691433949114
606.631499623021 328.14406577755
769.189363763755 332.98850543737
769.189363763755 332.98850543737
990.957045968538 600.509228873709
924.211432878017 609.659837119867
687.372160620287 597.279602433574
1032.40391861376 533.763615782804
1510.38863171479 346.445282269866
1580.90214231893 -131.001159758065
3098.82656906019 -66.9469020341941
3795.88760900012 -272.028180965965
3774.89503714115 -1110.11624211379
3286.14490257275 -1150.48657261204
3053.61179890212 -1257.6025162012
3058.45623856194 -1261.37041371444
2965.33534287914 -1280.20990128062
2965.33534287914 -1280.20990128062
2645.0640542575 -1357.72093583737
2938.96006028687 -1081.58787522797
2943.26622887321 -360.842908062805
2954.56992141254 -328.546643663745
2614.38260307889 -929.257161480743
2624.07148239853 -975.010202712298
2239.20766498029 -1598.86637668143
2173.53859403597 -1604.24908741474
2899.12800086134 -1339.95799041815
2896.97491656817 -1444.92084971414
2924.96501238013 -1289.89878060026
2924.96501238013 -1257.6025162012
2926.57982560058 -837.212807944151
2926.57982560058 -837.212807944151
3441.16697168701 -659.583353751236
3310.36710087185 -575.613066314217
2844.76262245711 -637.514239745301
2756.48616643337 -464.190954138724
2277.96318225886 -347.386131229927
2749.48864248038 -365.687347722625
2858.21939928961 -965.321323392657
2638.60480137799 -1142.41250651247
2354.39767466902 -1273.75064840073
2353.32113252282 -1508.97510743839
2616.53568737206 -1591.33058165496
2640.75788567116 -1341.03453256474
2390.46183658093 -1299.5876599199
2131.55345031804 -1296.89630455325
1609.43050920437 -1320.04196070577
1627.73172569745 -1501.9775834854
1708.47238669395 -2101.07328808195
1708.47238669395 -2101.07328808195
1598.12681666504 -2148.44114253357
1452.79362687042 -2146.8263293135
1348.90730972102 -2152.20904004681
1262.78393799121 -2215.72502669758
1298.30982882964 -2342.7569999995
1653.56873721624 -2334.68293389993
1691.24771234784 -2436.95443782926
2277.96318225886 -2541.37902605176
2484.12100333721 -2739.46278103093
2568.62956184733 -2832.58367671372
2339.86435568956 -2548.37655000475
1755.84024114519 -2513.92720131291
1405.42577241918 -2526.8457070723
1341.90978576803 -2496.70252696679
1327.91473786205 -2379.897704058
1399.5047906124 -2146.2880582404
1894.17590698682 -2535.99631531846
2062.1164818601 -2890.71695263157
2152.00775110352 -3320.25726913516
2067.4991925934 -2557.52715825129
2725.80471525476 -2198.50035235185
3268.9202282274 -1923.98210496214
3274.84121003342 -1877.152521584
2929.80945203995 -884.04239132229
2953.49337926557 -200.438128215622
2945.95758423986 147.823256217601
2735.4935945744 169.892370223535
2753.79481106672 410.499539994119
2734.95532350092 581.131470234426
2334.48164495625 1352.47391829097
2334.48164495625 1352.47391829097
2336.09645817671 1391.22943556953
2337.17300032291 1427.83186855493
2432.44698029964 1498.34537915869
2593.39003121992 1182.91853019763
1701.47486274096 1513.41696921163
1477.55409624301 1527.9502881911
1422.11217569181 2283.14460404849
-643.7722036819 2325.12974776681
-971.041016255773 2322.97666347364
-1506.62073420193 2319.74703703389
-1669.1785983419 2319.74703703389
-2212.29411131454 2205.63356949136
-2413.60749273307 2144.27066713376
-2610.61470556603 2089.90528872915
-2610.61470556603 2089.90528872915
-2792.55032834528 1982.25107406689
-3812.03574119926 1745.95007288264
-4082.24782000225 1756.17722327539
-5746.04370761162 2156.11263074695
-5746.04370761162 2156.11263074695
-6352.67520723464 2226.08787027723
-6554.52685972666 2149.11510679358
-6558.29475724028 2185.71753977898
-5731.51038863216 2139.96449854742
-5236.83927225773 1927.88569566228
-4591.99052642886 1432.67630821475
-4183.44278178501 1431.06149499468
-3100.44138227987 1428.37013962803
-2889.97739261518 1206.06418635015
-2628.37765098486 963.303932286011
-2206.91140058123 970.839727312484
-1606.20088276423 937.466920767222
-1210.57164388015 893.866963828836
-398.320594251496 942.311360427043
-226.073850791121 507.926604263633
576.488319517895 174.736809883356
601.248788890482 -134.769057271301
603.940144256369 -209.58873646178
629.777155775922 -528.783482936078
589.94509635039 -468.497122725061
444.073635483051 -655.277185164516
-617.935192163111 -815.681965011699
-1041.01625578643 -872.20042770948
-79.1258477768151 -716.640087522117
706.74991925957 -691.34134707643
2008.82764560207 -817.835049304868
2008.82764560207 -817.835049304868
2639.68134352496 -1157.48409656503
2641.83442781813 -1351.26168295786
2810.85154483837 -1302.27901528617
2888.3625793955 -1983.19192302657
2874.90580256224 -2076.31281870975
2938.96006028687 -2008.49066347226
2938.96006028687 -2008.49066347226
2938.96006028687 -2008.49066347226
2937.8835181399 -2009.02893454574
2937.8835181399 -2009.02893454574
2937.8835181399 -2009.02893454574
2937.8835181399 -2009.02893454574
2937.8835181399 -2009.02893454574
2910.96996447415 -1933.13271320868
3111.20680374648 -1276.98027484048
3265.15233071378 -1389.47892916294
3004.09086015694 -1591.86885272844
2644.52578318478 -1162.32853622485
2406.60996878008 -1139.18288007272
2357.62730110916 -1354.49130939761
2625.68629561898 -1139.72115114582
2903.43416944768 -428.126792226811
2932.5008074066 -83.0950342333414
3135.96727311907 -40.0333483684387
3762.51480245486 -71.7913416940148
4267.41306922164 -324.240475077408
4207.66498008411 -247.267711593761
3772.2036817745 317.916915384425
3661.31984067211 446.025430832931
2888.3625793955 919.165704274524
2885.13295295536 1706.11801345749
3236.62396382834 3474.33848928898
4016.57874905794 4178.93532425538
6204.11239100065 6021.97547927734
8603.72483582774 6887.51536516403
9093.01324146886 7168.49286543324
9093.01324146886 7168.49286543324
9525.78318441182 7664.77879502736
9605.44730326212 7674.467674347
9745.39778232344 7899.46498299153
9795.99526321481 8028.65004058662
9809.45204004808 8338.15590774128
9805.68414253445 8420.51138195823
9764.23726988924 8768.77276639146
9858.434707719 9439.45852373873
9585.53127354936 7696.53678835255
5903.21886101828 5842.73121186436
5093.65916675628 5112.83563645265
2844.76262245711 3082.47714791775
2608.99989234558 2743.90464280417
2911.50823554763 2125.43117956796
2772.63429863328 1916.04373204947
2583.70115190028 1222.21231854968
2332.86683173657 1168.92348229165
2071.26709010702 792.133730972602
2315.10388631697 606.968481753215
2317.25697061014 152.12942480432
2882.97986866219 63.3146977074806
2615.99741629934 -642.358679405122
2611.15297663952 -730.635135428478
1585.20831090527 -1155.33101227186
617.935192163113 -543.855072989023
567.875982344456 -463.11441199214
824.093013241467 -463.652683065241
1093.76682097098 -619.213023252603
1267.09010657755 -499.178573904053
1718.69953708708 -613.292041446198
1717.62299494011 -613.830312519681
1716.54645279391 -632.669800085481
2262.89159220591 -664.966064484158
2566.47647755416 -1145.64213295222
2561.63203789434 -1590.79231058186
2776.94046721962 -1151.02484368553
2860.37248358277 -1153.1779279787
3776.50985036084 -927.642348260676
3777.5863925078 -1060.595303369
2937.8835181399 -994.387961351581
2938.42178921339 -696.724057809734
1721.39089245373 -335.544167617117
1564.2157390463 -58.872835934238
1564.2157390463 -58.872835934238
1495.85531273533 822.276911078111
1676.17612229566 985.911317365429
2094.41274625916 895.481777048904
2120.24975777794 880.410186995959
2321.56313919724 181.196062763244
2321.56313919724 181.196062763244
2914.73786198777 -227.889952954478
2758.63925072654 -437.815671546452
2905.58725374084 -1111.19278426038
2348.476692863 1907.96966594951
1428.03315749784 1788.47348767445
1435.03068145159 1677.05137549857
1058.77920120603 -34.1123665620337
1538.91699860023 -253.188693400166
2326.40757885706 138.672647971443
5366.56260092592 117.141805038991
9505.86715469982 441.719262246211
9907.41737539069 418.573606094075
9905.26429109752 815.817658198605
9882.11863494462 1168.92348229165
8910.53934761613 1010.67178673763
8397.0287436759 1002.05944956458
7545.4839056952 973.531082679136
6145.44084400932 976.222438045788
5973.73237162243 938.543462913807
3390.03121972215 584.361096674179
3228.54989772838 1163.54077155834
2961.56744536552 1244.28143255523
2920.12057272031 970.839727312484
4229.19582301656 921.857059641176
5117.88136505538 1216.29133674289
4952.63214554876 1399.30350166949
5087.19991387677 939.620005060391
4544.62267197762 944.464444720212
4544.62267197762 944.464444720212
4441.2746259017 534.840157929388
4755.62493271656 516.000670363589
5179.24426741337 556.37100086184
4609.75347184846 537.53151329604
3861.01840887095 540.222868662692
3530.51996985695 555.832729788739
2961.56744536552 723.773304662012
2358.16557218264 922.93360178776
2126.17073958473 932.084210033918
1534.07255894041 1004.75080493123
1259.55431155108 997.753280978239
1067.92980945219 503.082164603812
1067.92980945219 503.082164603812
1459.79115082341 518.153754656758
1126.06308537003 147.823256217601
1067.3915383787 350.213179783102
920.981806437881 634.958577565555
920.443535364398 634.420306492071
1297.23328668344 514.924128217005
1552.91204650697 -108.932045752512
2511.03455700297 -105.702419312377
2913.12304876732 -1041.7558158032
2897.51318764165 -1697.90825417101
3062.22413607479 -1269.98275088749
3047.15254602261 -1270.52102196098
3266.22887286074 -1557.9577751097
3267.30541500695 -1563.340485843
3246.31284314798 -1287.74569630671
3265.69060178726 -1299.04938884642
3610.18408870725 -1422.3134646351
3601.57175153457 -1405.62706136247
2934.65389169977 -1137.56806685265
2941.11314458004 -1062.74838766217
2739.26149208726 177.966436323109
2739.26149208726 177.966436323109
2255.89406825292 397.581034234724
2120.24975777794 398.657576381309
1901.7117020133 239.867609754193
2895.36010334849 392.736594574904
2895.36010334849 392.736594574904
3205.40424157624 1263.12092012141
3209.71041016258 1265.81227548768
3314.13499838547 1300.26162417991
2927.1180966733 1378.84920088362
2917.96748842714 1281.42213661372
2939.49833135959 120.371431478744
2934.65389169977 -6.66054182317743
1755.84024114519 -647.741390138426
1755.84024114519 -647.741390138426
475.831628808628 -941.637396167037
342.340402626818 -941.099125093553
-343.416944773018 -1021.83978609044
-357.411992679763 -1026.14595467677
-655.075896221228 -1198.93096921025
-655.075896221228 -1198.93096921025
-88.2764560229734 -962.091696952904
29.0666379589238 -953.479359779847
29.0666379589238 -953.479359779847
595.327807083695 -689.726533856744
596.404349230661 -688.111720636677
531.273549359823 -532.013109376213
582.947572397401 -533.089651522798
-954.892884056626 -867.894259123142
-989.880503821572 -870.585614489794
-926.364517171185 -314.013324684283
-846.162127247402 -309.168885024845
171.170201313409 -273.104723112549
185.703520292871 -273.104723112549
1775.75627085796 -353.845384109433
1923.24254494575 -389.371274948245
2847.453977823 -674.116672730698
2847.453977823 -674.116672730698
3478.30767574589 -676.808028096968
3478.30767574589 -676.808028096968
4437.50672838885 -940.560854020452
4436.96845731537 -951.864546559779
4316.93400796682 -1596.71329238826
4311.55129723351 -1597.25156346175
4665.19539239966 -1595.0984791682
4664.65712132617 -1595.0984791682
5784.79922489018 -1916.44630993605
5909.13984282507 -1913.21668349591
6519.00096888823 -1074.59035127498
6622.88728603763 -1075.12862234846
5392.39961244471 -674.654943803799
5235.76273011076 -674.116672730698
3932.07019054781 -670.887046290563
3799.11723544025 -660.65989589782
3806.11475939324 -43.2629748081917
1550.22069114032 113.373907525755
585.100656690569 497.161182797407
580.794488104233 513.309314996937
581.871030251199 271.625603079387
581.871030251199 271.625603079387
594.78953601021 -47.5691433949114
602.325331036684 -231.657850467714
602.325331036684 -231.657850467714
645.387016901586 -986.313895252007
645.387016901586 -986.313895252007
947.357089030153 -1187.08900559744
1015.17924426764 -1177.93839735128
1601.8947141779 -655.815456238
1731.07977177337 -653.124100871348
1731.07977177337 -653.124100871348
2510.49628592948 -1142.95077758595
2434.06179351932 -1140.7976932924
2352.78286144934 -1248.99017902853
2352.78286144934 -1248.99017902853
2354.39767466902 -1264.60004015457
2606.3085369797 -1589.71576843527
2927.1180966733 -1472.91094552648
3265.69060178726 -1505.74548099826
3266.76714393346 -1524.58496856444
3544.51501776293 -2119.37450457465
3562.81623425601 -2119.91277564813
3765.74442889423 -1856.15994972503
3776.50985036084 -1854.54513650496
4067.17622994931 -1277.51854591397
4090.8601571757 -1266.21485337426
3657.01367208577 -1149.41003046546
3512.21875336463 -1148.87175939236
3266.22887286074 -1548.80716686354
3265.69060178726 -1569.79973872251
2692.4319087095 -1303.35555743275
2682.20475831638 -1302.27901528617
2051.35106039425 -993.311419204996
2039.50909678144 -894.269541715414
858.542361933696 -286.023228872326
1445.25783184395 -42.7247037350907
1523.84540854805 -42.1864326616074
2571.32091721399 -1149.41003046546
2595.00484443961 -1148.87175939236
3778.662934654 -1218.30872784953
3780.27774787369 -1321.65677392545
3270.53504144708 -1970.81168834028
3268.38195715391 -1907.29570168951
5259.44665733715 -1891.68584056346
5388.09344385837 -1893.83892485663
5113.57519646904 -1870.15499763101
3268.38195715391 -1920.75247852238
3268.38195715391 -1920.75247852238
2937.8835181399 -2031.63631962478
2921.73538594076 -2022.48571137862
2938.42178921339 -2009.56720561884
2936.80697599294 -2008.49066347226
2940.57487350656 -2009.02893454574
2940.57487350656 -2009.02893454574
2942.72795779973 -2009.02893454574
2942.72795779973 -2009.02893454574
3024.54516094319 -1278.05681698707
3086.4463343739 -1279.13335913403
3086.4463343739 -1279.13335913403
3059.53278070814 -1263.5234980076
3121.97222521309 -1265.67658230116
3197.33017547629 -1287.20742523361
2684.35784260954 -1296.89630455325
2642.37269889161 -1203.77540887007
2391.5383787279 -1133.80016933941
2146.62504037022 -1130.57054289966
1482.93680697631 852.420091183619
1472.17138550971 1134.47413359942
-115.728280762212 1491.3478552057
-388.631714931855 1489.19477091253
-1917.32156313896 1561.32309473636
-1855.42038970826 1561.86136580984
-1368.82333943379 451.946412639336
-1351.06039401419 251.709573367003
-2718.26892022829 -160.606068790472
-2752.17999784703 -365.149076649142
-4278.17849068825 -479.80081526477
-4209.81806437728 -479.80081526477
3695.23091829085 -663.351251264472
2943.80449994593 -507.79091107711
2755.40962428717 -421.129268273821
1934.00796641236 -383.988564214941
1107.22359780424 -279.025704919337
517.27850145308 -237.578832274119
241.683711917551 -195.593688555801
630.853697922124 -892.654728495347
734.740015071528 -1329.19256895193
805.791796749152 -2579.05800118375
1904.94132845343 -2530.07533351206
3844.87027667181 -3431.67938131065
4953.70868769496 -4411.87100581297
6276.77898589719 -5632.66980008548
6715.46991064694 -6223.69143858284
5774.57207449706 -5716.6400875225
4836.36559371306 -5193.97887533612
4014.42566476477 -4355.35254311519
4126.92431908761 -3207.22034373922
4117.23543976797 -3027.43780525313
4117.23543976797 -3027.43780525313
