454
8557.29501045328 -3370.8587991403
8762.07878578372 -3202.29080401303
8762.07878578372 -3202.29080401303
8762.07878578372 -3202.29080401303
8762.07878578372 -3202.29080401303
8287.98129948826 -3265.50380218572
7262.4162510086 -2803.25875304768
6624.68928506758 -2300.1886425894
6624.68928506758 -2300.1886425894
6213.80479694482 -2415.42067050856
7187.68005004361 -2523.08030802155
7594.94296014632 -3402.46529822688
8484.53421568182 -3315.21819137378
8484.53421568182 -3315.21819137378
8701.82889690038 -3345.50775299824
8701.82889690038 -3345.50775299824
8701.82889690038 -3345.50775299824
8556.96577608769 -3371.18803350588
8950.40084283993 -2735.43647375816
8011.42443248219 -1552.82663294282
6060.71081699526 47.9108520358761
5072.34925181483 1499.83440381624
5072.34925181483 1499.83440381624
5072.34925181483 1499.83440381624
5072.34925181483 1499.83440381624
5072.34925181483 1499.83440381624
4959.42186445431 1325.34019011003
4996.29611338843 702.428770616244
6050.83378603091 52.190898787111
7350.651060958 59.4340548276983
7816.18845375099 -1439.24077685113
9022.83240324627 -2531.31116715866
8515.15301167164 -3302.04881675448
8515.15301167164 -3302.04881675448
8515.15301167164 -3302.04881675448
8515.15301167164 -3302.04881675448
7200.52019029779 -2521.43413619408
7371.72206034859 -2501.0216055342
7371.72206034859 -2501.0216055342
7070.47261593187 -2366.0355156861
6454.14588374749 -2299.20093949311
6454.14588374749 -2299.20093949311
6454.14588374749 -2299.20093949311
6271.4208109044 -2381.5095308638
6271.4208109044 -2381.5095308638
6271.4208109044 -2381.5095308638
6271.4208109044 -2381.5095308638
6271.4208109044 -2381.5095308638
6271.4208109044 -2381.5095308638
6479.82616425537 -1799.09393832419
6479.82616425537 -1799.09393832419
6484.76467973731 -1837.61435908577
6484.76467973731 -1837.61435908577
6484.76467973731 -1837.61435908577
6981.90857161688 -2043.38583751274
7377.64827892729 -2495.42462132084
7377.64827892729 -2495.42462132084
8543.1379327377 -3398.18525147541
8557.29501045328 -3371.18803350588
8557.29501045328 -3371.18803350588
8649.4806327888 -3229.61725634814
8761.42031705301 -3202.94927274397
8761.42031705301 -3202.94927274397
-3736.3161966848 -460.427008269927
8761.42031705301 -3202.94927274397
8761.42031705301 -3202.94927274397
8761.42031705301 -3202.94927274397
8761.42031705301 -3202.94927274397
8522.39616771223 -3234.22653746496
8522.39616771223 -3234.22653746496
8522.39616771223 -3234.22653746496
8631.04350832151 -3298.42723873419
8631.04350832151 -3298.42723873419
8631.04350832151 -3298.42723873419
8608.32633710345 -3250.6882557392
9225.64077238412 -3675.72982157778
10000 -4519.88673467624
9758.01274137033 -4514.94821919406
9758.01274137033 -4514.94821919406
9684.92271223281 -4423.09183122437
8220.48825456433 -4270.65632000574
7309.49676527265 -2984.00841969771
7396.41463776017 -2518.14179253914
7396.41463776017 -2518.14179253914
7396.41463776017 -2518.14179253914
7396.41463776017 -2518.14179253914
7396.41463776017 -2518.14179253914
6795.89115511885 -2369.32785934081
6795.89115511885 -2369.32785934081
6251.66674897523 -2409.49445192986
6251.66674897523 -2409.49445192986
6507.48185095584 -2001.57307309622
6507.48185095584 -2001.57307309622
6507.48185095584 -2001.57307309622
6388.95747938174 -1461.29947933848
6388.95747938174 -1461.29947933848
6388.95747938174 -1461.29947933848
5194.82443577457 -436.0636652244
4985.10214496219 181.580004421856
4486.31208125515 496.657292189277
3653.34913658293 176.312254574326
3177.60547846 275.411798584606
3177.60547846 275.411798584606
2366.70123627513 447.272137366814
1712.18331769476 492.706479803396
882.841951043067 513.119010463509
-837.736842971606 475.257058432868
-831.810624392901 463.733855641046
373.187153274912 504.888151326393
1241.37817505378 494.023417265278
1200.22387936843 497.644995285806
670.485785306453 280.350314066782
-2185.62233525951 -478.864132736983
-2319.29148764549 -736.325406544825
-1739.50977002964 -645.785956037015
-1662.13969414136 -588.828410808378
-1662.13969414136 -588.828410808378
-1354.63479677988 -262.88638898031
-1476.45151200892 -222.719796391258
-1270.3507992166 219.441956452497
-1463.28213738962 383.72990482853
-1463.28213738962 383.72990482853
-949.676527235824 464.392324371987
-949.676527235824 464.392324371987
-949.676527235824 464.392324371987
-1623.61927337978 219.112722086909
-1860.6680165275 555.919477976092
-1973.2661695229 726.133644931064
-1926.51488962397 708.354989194949
-1483.6946680495 120.671646807571
-1306.89581378512 -562.818895935381
-1280.22783018095 -822.5848103014
153.258597132592 -1010.24839862667
2212.61955322927 -1178.48715938858
2212.61955322927 -1178.48715938858
2212.61955322927 -1178.48715938858
1865.60653200991 -1063.9136002006
1865.60653200991 -1063.9136002006
182.231221294942 -978.312665174963
-825.884405814195 -551.954161874266
-1371.09651505411 -255.643232939489
-2059.19633891365 -267.824904462486
-5298.53326090191 -1981.48977680192
-7135.99025466274 -2116.47586664979
-7343.07867055182 -1479.73660380553
-7649.26663045095 -319.185465477772
-7114.26078654098 198.041722696088
-6964.78838461147 -376.801479437351
-6936.80346354542 -1077.74144355083
-6936.80346354542 -1077.74144355083
-6936.80346354542 -1077.74144355083
-6450.19507136138 -458.12236771175
-6254.300623899 201.004831985441
-5435.16552257724 410.397888432702
-5040.08428399754 520.362166504096
-5154.65784318552 880.873796708099
-5398.9497423743 1193.64644391687
-6512.09113207219 1729.63999092338
-6680.65912719969 2166.53399391937
-6141.70247090407 2145.13376016296
-5998.48552191886 2160.27854097531
-5178.69195186593 2178.05719671119
-5046.66897130742 2986.65679833765
-4519.23551780315 2842.45214625615
-4883.03949166233 2643.92382386977
-4250.25104120372 2480.95281295585
-4233.78932292949 2192.21427442701
-3262.21871038887 2011.13537341139
-2272.86944211215 2220.85766422401
-1583.45268079072 1562.71816762335
-2046.68543302553 1277.93044148063
-1850.13251683198 1368.46989198843
-1489.62088662821 1630.86968127845
-1689.46614647624 1246.32394239428
-1689.46614647624 1246.32394239428
-1689.46614647624 1246.32394239428
-1616.37611733919 1399.41792234384
-1690.453849573 1073.80513488113
-1692.1000214 869.350593916043
-1859.68031343121 1005.98285559161
-1486.98701170444 971.413247215908
-1485.99930860768 359.366561782769
-1493.57169901386 -146.995892330211
-1506.08260490244 -550.30799004703
-1506.08260490244 -550.30799004703
-379.113371853618 -834.108013093222
-378.125668757324 217.795784625027
1561.06474393825 256.97467411755
3802.16306978126 169.727567264446
5554.34836288204 -737.971578372295
6253.3129208027 -1166.63472223117
5414.42375755177 -620.105675529372
6296.11338831552 -1268.03890680009
6441.96421222449 -2320.93040761487
6441.96421222449 -2320.93040761487
6441.96421222449 -2320.93040761487
6441.96421222449 -2320.93040761487
6441.96421222449 -2320.93040761487
6441.96421222449 -2320.93040761487
6441.96421222449 -2320.93040761487
6268.78693598064 -2377.55871847792
6242.77742110717 -1150.50223832253
5194.82443577457 -434.088259031343
4982.46827003796 218.454253355968
4492.56753419944 398.545451275292
3549.31107709047 398.87468564088
3549.31107709047 398.87468564088
2458.88685861018 438.053575133169
1000.3786195204 507.192791884804
395.57509012785 509.826666808569
-734.686486575445 472.952417874457
-1304.26193886135 722.841301276124
-1836.6339078471 1317.10933097315
-2100.02140023388 1531.111668537
-1970.96152896425 1626.91886889257
-1250.92597165301 1545.92721498376
-1370.76728068852 1069.52508812989
-1370.76728068852 1069.52508812989
-1798.11348708598 844.658016504928
-2375.2613297776 1044.83251071854
-2323.90076876231 1310.85387802886
-2964.59084399222 1477.11723259795
-4799.74319719487 1442.54762422201
-4966.33578612931 1034.95547975396
-6130.17926811225 -167.737657355678
-6236.19273379776 207.918753660674
-6455.13358684379 626.704866554963
-5949.75883582734 986.558028028024
-5973.46371014216 2163.24165026466
-5692.95603075044 2446.7124389455
-5692.95603075044 2446.7124389455
-5692.95603075044 2446.7124389455
-5692.95603075044 2446.7124389455
-5692.95603075044 2446.7124389455
-5692.95603075044 2446.7124389455
-5692.95603075044 2446.7124389455
-4147.85915353827 2229.08852336112
-2982.69873409392 3040.98046864253
-3266.49875714011 2869.44936422567
-2898.74397089575 2750.26652392087
-2911.91334551505 2092.45626168579
-2700.21564850914 1584.7768701107
-2179.03764794963 843.341079042812
-1685.51533409059 946.062201073619
-1685.51533409059 946.062201073619
-1490.27935535892 764.983300058
-941.445668098941 979.644106353025
-100.251864289368 1062.94040082025
-100.251864289368 1062.94040082025
-100.251864289368 1062.94040082025
221.739345152819 721.195129448654
1522.21508881108 746.216941225356
2781.53653678401 615.840132494082
3039.98551368791 364.96354599612
4312.47633628012 130.548677772157
3841.01272490843 187.176988635207
2596.50682338227 417.641044473289
1864.61882891362 499.291167113042
737.649595864796 747.533878687238
688.264441042567 756.093972189942
688.264441042567 756.093972189942
688.264441042567 756.093972189942
-644.147036067401 714.610442139008
-1306.56657941953 935.197467012738
-1306.56657941953 861.448969144514
-1777.70095642564 1314.80469041474
-2717.66506988013 1587.41074503469
-4993.99147282978 1344.43578330826
-4993.99147282978 1344.43578330826
-5610.64743937974 1674.6578518878
-4977.85898892114 2182.33724346266
-4519.23551780315 3325.43896041989
-5936.58946120804 5184.95465666831
-5112.51584440388 4053.3761425029
-4141.27446622885 2380.53633148345
-3173.32543170877 2220.85766422401
-2901.04861145393 1803.05925442601
-4214.03526100032 1565.6812769127
-4942.96014618008 147.668864777097
-4358.56914744741 -386.678510401938
-2677.82771165667 -266.178732635016
-2677.82771165667 -266.178732635016
-1967.66918530931 -12.0098024821142
-1504.10719870938 -904.234932941152
-1187.38373911473 -1525.82941497329
1665.4320377963 -1073.13216243401
3638.53359013617 -1385.90480964302
6122.60687770607 -1376.02777867843
6286.89482608187 -2366.0355156861
6286.89482608187 -2366.0355156861
6213.14632821365 -2412.12832685362
6213.14632821365 -2412.12832685362
6487.06932029596 -2039.10579076127
6043.59062999032 -979.958837002433
4939.66780252514 -333.013308828006
3738.62083724298 188.823160462677
2602.10380759539 416.982575742348
1828.40304871021 495.011120361807
721.517111956151 525.62991635186
721.517111956151 525.62991635186
721.517111956151 525.62991635186
-539.779742209359 1061.29422899278
-1691.11231830371 1068.86661939872
-1918.94249921826 844.987250870282
-2483.90867038688 237.549846553965
-3738.29160287739 204.626410005734
-5138.85459364246 201.334066351028
-5138.85459364246 201.334066351028
-5848.68388562423 -0.486599690291949
-6154.87184552336 209.235691122557
-6459.41363359502 1170.600038333
-6708.64404826575 2036.81565391904
-6708.64404826575 2036.81565391904
-6708.64404826575 2036.81565391904
-6512.09113207219 2007.84302975645
-4044.47956277699 2199.4574304676
-3283.94817851064 1567.65668310576
-2388.43070439689 927.95431097215
-2693.63096119973 115.733131325395
-2761.12400612366 448.918309194284
-2183.97616343204 741.936894474121
-2183.97616343204 741.936894474121
-2183.97616343204 741.936894474121
-2397.32003226495 1237.43461452622
-3241.14771099829 1599.59241655746
-3255.96325744458 1967.34720280205
-3842.65889673543 2210.32216452871
-6383.68972953421 2069.73909046727
-7295.66892192219 1845.53048757348
-8585.27993151934 2370.00083178793
-9378.73475233368 3081.14706123134
-8309.38153324444 3436.72017595317
-7847.7949528371 3609.56821783167
-7428.67960557746 3995.76012854332
-8558.94118228075 3308.31877341472
-8558.94118228075 3308.31877341472
-9843.61367639549 3060.40529620588
-10000 3004.43545407377
-10000 3004.43545407377
-10000 3004.43545407377
-10000 3004.43545407377
-10000 3004.43545407377
-8746.60477060579 2365.72078503669
-7652.88820847101 1528.14855924765
-7617.98936572996 797.248267875289
-6512.09113207219 199.687894523558
-4978.51745765231 193.103207213912
-3794.91991374067 199.687894523558
-3794.91991374067 199.687894523558
-3794.91991374067 199.687894523558
-3794.91991374067 199.687894523558
-3794.91991374067 199.687894523558
-3794.91991374067 199.687894523558
-3794.91991374067 199.687894523558
-3117.35558957666 -14.3144430405254
-3102.5400431299 -383.386166746998
-2825.98317612382 -654.016815174132
-2825.98317612382 -654.016815174132
-2825.98317612382 -654.016815174132
-2807.21681729142 -1082.02149030207
-2728.85903830637 -1157.08692563217
-2247.51839597033 -1167.6224253277
-1676.95524058812 -256.30170167043
-1459.00209063839 237.220612188611
-1853.42486048692 575.673539905264
-1850.79098556315 1302.62301889174
-1687.81997464877 1433.3290619886
-1687.81997464877 1433.3290619886
-1518.26427642497 1064.58657264748
-1178.16517688108 239.854487112376
1126.47538150021 249.073049346021
2287.68498855938 287.593470107603
2287.68498855938 287.593470107603
3496.96281297843 127.914802848158
4467.21648805715 -133.826517710918
5292.93627668879 -526.60311573221
5292.93627668879 -526.60311573221
5292.93627668879 -526.60311573221
6216.43867186859 -1123.17578598741
6216.43867186859 -1123.17578598741
6216.43867186859 -1123.17578598741
6216.43867186859 -1123.17578598741
6347.80318369639 -1390.84332512519
6966.76379080453 -2048.98282172586
6802.47584242873 -2368.34015624451
6802.47584242873 -2368.34015624451
6802.47584242873 -2368.34015624451
6275.37162329005 -2412.12832685362
6275.37162329005 -2412.12832685362
6275.37162329005 -2412.12832685362
6473.24147694549 -1653.90158314615
6068.94167613214 -976.008024616552
6068.94167613214 -976.008024616552
6068.94167613214 -976.008024616552
5245.85576242474 -480.510304564453
4532.40489242291 -208.562718675437
4532.40489242291 -208.562718675437
3417.61733089708 239.196018381435
2577.41123018427 422.579559955466
1746.09445733952 491.060307975926
798.887187844903 523.98374452439
-413.024511498377 229.318987417083
-943.750308657118 147.668864777097
-544.718257691768 804.491423915876
-434.424745255021 1980.51657742157
-116.384348198013 2325.55419244764
-116.384348198013 2325.55419244764
-116.384348198013 2325.55419244764
-116.384348198013 2325.55419244764
-116.384348198013 2325.55419244764
-116.384348198013 2325.55419244764
-116.384348198013 2325.55419244764
-116.384348198013 2325.55419244764
-116.384348198013 2325.55419244764
-248.078094391403 1863.63837767495
-376.479496929855 1465.59402980589
-902.596012971771 1069.52508812989
-959.224323835057 981.619512545848
-949.676527235824 246.439174422022
-1165.98350535808 253.023861731669
-1503.44872997821 -134.48498644186
-2470.73929576759 -1406.97580903384
-3417.94656526267 -1609.78417817145
-4001.34986089858 -394.580135173466
-3105.17391805366 -253.338592381077
-2606.38385434662 -252.350889284782
-1510.03341728809 -254.984764208547
-565.130788351647 -411.041853447698
-545.376726422475 327.10159396548
359.030075559325 985.570324931729
341.251419823211 1105.08239960189
-385.698059163498 1084.9991033076
-1114.29370997721 1068.86661939872
-1473.81763708515 1462.96015488213
-1687.16150591806 1412.58729696313
-1780.66406571499 847.291891428693
-2047.67313612183 1303.28148762268
-2210.31491267063 1766.51423985749
-1968.32765404049 2011.79384214233
-1251.58444038372 1571.6074954914
-1251.58444038372 1571.6074954914
-1251.58444038372 1571.6074954914
-1173.22666139867 1675.97478934968
-1658.84735048642 2599.80641889507
-1441.88190363298 3062.05146803335
-1100.13663226162 3201.31760463268
-1087.62572637351 2750.26652392087
-1295.04337662771 3713.93551168995
-2919.15650155563 4100.78589113254
-2970.84629693651 5135.56950184585
-2878.98990896658 5254.75234215065
-3053.1548883072 5153.67739194732
-2949.77529754545 3815.33969625864
-3071.59201277449 3224.36401021656
