643
-5953.73910863147 487.542186276701
-6158.50728180681 630.253066153022
-6225.78825299328 475.423253578581
-6169.37253181222 72.1553206923663
-6318.35182515315 345.458147746887
-4454.5435550262 692.31035945204
-4120.22817024997 711.115599845727
-4233.05961261209 394.97861411683
-4108.7360788985 312.65345061571
-3783.19647297276 259.789830397984
-3783.82331431912 114.153690904835
-4247.05906934958 -304.785275642686
-4444.9319877138 -257.772174658618
-4489.8556175431 -578.505996928161
-4486.30351657991 -1006.84758367253
-4453.49881944874 -1026.27966541272
-4248.10380492704 -1001.20601155442
-4248.10380492704 -1001.20601155442
-4244.96959819466 -434.332487243426
-4320.19055976941 -366.42467471075
-4383.50153576129 -451.675097828699
-4774.02369460273 -545.28340556603
-4832.73783405426 -542.567093064753
-5051.92335819789 -454.391410329976
-5488.83177667719 -441.854583400901
-5822.52032010706 -410.930410309093
-5656.82525752736 -409.885674731633
-5308.92831024475 -458.361405524265
-4823.75310808822 -652.6822229253
-4718.86165611468 -488.867684385118
-4716.1453436134 -241.683246766208
-5030.19285818767 30.5748447108522
-4773.18790614082 374.710743914728
-4996.13447836349 260.834565975444
-4996.13447836349 260.834565975444
-4996.13447836349 260.834565975444
-4996.13447836349 260.834565975444
-4996.13447836349 260.834565975444
-4996.13447836349 260.834565975444
-4996.13447836349 260.834565975444
-4996.13447836349 260.834565975444
-4996.13447836349 260.834565975444
-4996.13447836349 260.834565975444
-4996.13447836349 260.834565975444
-4996.13447836349 260.834565975444
-4996.13447836349 260.834565975444
-4996.13447836349 260.834565975444
-4996.13447836349 260.834565975444
-4996.13447836349 260.834565975444
-4996.13447836349 260.834565975444
-4996.13447836349 260.834565975444
-5042.10284377024 475.005359347626
-4930.31613698558 366.979700641851
-4084.08031927116 0.695407196504566
-3529.95256900464 -152.462828454119
-3529.95256900464 -152.462828454119
-3397.27115067167 -80.1671264962006
-3564.84673729074 -177.954376543224
-3981.69623268334 -363.917309325024
-4244.96959819466 -444.361948786775
-4537.07766564287 -308.546323721424
-4585.13550220425 -151.835987107614
-5126.72642554154 -33.1540255121318
-5228.0657765519 -34.4077082049948
-5315.40567082476 274.416128481979
-5310.59988716857 256.028782319247
-5168.09795440765 -32.3182370502232
-5160.78480536573 -238.131145803022
-5011.38761779399 -436.004064167392
-5000.73131490413 -745.663689316274
-5126.72642554154 -455.436145907436
-4848.19992060001 -551.969713261596
-4867.63200234006 -603.579650786311
-5254.60206021861 -784.31890568096
-5946.84385382065 -791.841001838435
-6095.19630581493 -990.340761549161
-6074.92843561298 -1177.13948279287
-6452.07797906358 -1015.41441540746
-6483.42004638619 -219.743799640289
-6834.45120040119 327.279748699705
-7007.87730625361 904.391681669451
-7007.87730625361 904.391681669451
-7339.05848429746 1217.39446066612
-7432.45784491954 1404.40212902523
-7317.5369314025 688.758258488854
-7036.08516684415 -76.1971313020603
-6472.76374349663 -687.367444095845
-6031.46743559194 -799.572045111312
-5149.71060824507 -781.811540295085
-4573.01656950613 -780.766804717625
-4154.70444430496 -778.259439331899
-3684.99132869478 -779.304174909359
-3085.73100148342 -628.235410413655
-3497.56576610457 -750.887367203278
-4021.39618462563 -757.155780667889
-4243.9248626172 -776.587862407934
-4243.9248626172 -776.587862407934
-4243.9248626172 -776.587862407934
-4499.46718485549 -778.050492216348
-3894.56528552632 -778.259439331899
-3089.07415533135 -664.383261392466
-3085.73100148342 -668.562203702158
-4160.76391065417 -775.961021061576
-6514.55316659355 -187.356996740067
-6479.65899830746 -278.666886207076
-6411.12434442827 47.0816668342161
-6514.13527236245 -203.028030401523
-6446.22745982992 -1481.3664829392
-6551.11891180347 -2500.8194593908
-4893.33249754486 -2355.18331989765
-4861.99043022195 -2379.83907952499
-6510.58317139926 -2487.86473823077
-7743.16220564559 -2184.89142077745
-7808.98054702349 -2279.5444640921
-7342.61058526095 -2132.65464190608
-7082.471426482 -1690.31359842423
-6668.33824359038 -2575.20463250349
-6225.37035876217 -3458.84198388988
-5984.03644037692 -3065.18561831592
-5737.26989698911 -2385.4806516431
-5792.64088259271 -2378.58539683198
-7267.8075179173 -1801.47346386224
-5391.46242086112 -1639.53944936127
-5402.11872375098 -1225.1973193544
-5318.53987755685 -957.327117302582
-5669.98892580294 -540.477621909833
-6486.55425311857 -155.597035186351
-7001.3999456736 795.321287386215
-6869.97221003364 775.889205646023
-6735.61921477685 315.787657347942
-6208.65458952341 116.661056290709
-6140.74677699058 -269.891107356738
-6102.92734908796 -378.125713177917
-5868.90657974463 -168.969650577335
-5913.41231534282 -268.846371779278
-6269.66714724511 -386.901492028403
-7092.91878225631 -743.783165276906
-7092.91878225631 -743.783165276906
-7092.91878225631 -743.783165276906
-7092.91878225631 -743.783165276906
-6900.6874360099 -894.016141310552
-6662.06983012592 -1068.06908850964
-6662.06983012592 -1068.06908850964
-6662.06983012592 -1068.06908850964
-6662.48772435702 -1074.33750197425
-6662.48772435702 -1074.33750197425
-4508.86980505234 -621.549102718089
-4029.75406924502 -536.925520946647
-3782.56963162611 -308.128429490469
-3782.56963162611 -308.128429490469
-3782.56963162611 -308.128429490469
-3782.56963162611 -308.128429490469
-3384.52537662719 -83.3013332285807
-4359.4726174806 -466.719290143648
-4797.00787730625 -623.638573872861
-4997.17921394095 -993.26602116599
-5177.29162748894 -997.653910591233
-5285.94412754122 -598.982814245665
-5362.83666603979 -753.603679704703
-5655.98946906545 -891.926670155781
-5885.20445475259 -1009.5638961738
-5909.86021437963 -410.930410309093
-5651.60157964006 -74.5255543780945
-5385.19400739666 357.577080445007
-5666.43682483946 357.994974675962
-6802.06439750111 327.279748699705
-6802.06439750111 327.279748699705
-6991.57943124595 211.731993836455
-6991.57943124595 211.731993836455
-6933.70108025662 146.331546689505
-7099.60508995158 -10.1698428087532
-7099.60508995158 -10.1698428087532
-6923.67161871342 -64.0781986039395
-7139.30504189387 -352.425217973261
-7180.67657075998 -91.8681649633671
-7326.93955159934 213.403570760272
-7489.91830167776 242.656166928114
-6685.88980129136 115.616320713249
-6164.77569527157 -66.7945111052168
-4826.26047347424 -30.6466601262574
-4337.53317035453 -325.679987191145
-4039.15668944186 -319.620520842084
-4124.19816544426 -266.339006393404
-4368.66629056189 -409.467780500679
-4712.38429553466 -623.638573872861
-4953.92716103547 -909.269280741053
-5187.9479303788 -693.009016213951
-5197.35055057564 -456.480881484896
-5647.00474309942 -171.059121732255
-5648.46737290798 -226.639054451258
-5648.46737290798 -226.639054451258
-5011.38761779399 -447.914049749961
-4700.05641572129 -868.942487452402
-4827.30520905141 -769.901554712516
-4244.96959819466 -583.311780584358
-4244.96959819466 -583.311780584358
-4244.96959819466 -583.311780584358
-4244.96959819466 -583.311780584358
-6844.68960905994 -106.285515931811
-6844.68960905994 -106.285515931811
-4383.91942999209 204.418844794383
-5043.1475793477 417.127008358151
-5830.87820472645 356.532344867547
-6510.58317139926 373.039166990911
-6190.26724336082 471.453258384292
-6169.37253181222 113.944743789432
-6149.94045007217 -60.9439918715594
-5977.76802691246 -402.154631458755
-6515.80684928656 -699.695323909517
-6537.53734929678 -647.458545038148
-6537.53734929678 -647.458545038148
-6537.53734929678 -647.458545038148
-6910.7168975531 -103.778150546085
-7096.67983033505 -57.8097851393277
-7218.28705154736 36.6343110599126
-7338.4316429511 248.29773904622
-7287.23959965734 239.521960195883
-7308.76115255231 707.35455176699
-7356.81898911369 1229.30444624869
-7141.60346016434 1381.8358405528
-7279.92645061542 1394.99950882838
-7251.09174867853 876.18382107892
-7200.10865250003 447.842234334556
-6924.08951294423 351.099719864993
-7092.91878225631 112.064219750063
-7122.171378424 -70.9734534149085
-6770.09548883185 -71.3913476458629
-6494.91213773796 37.6790466373726
-6285.96502225278 117.078950521663
-6263.39873378035 16.9932822043171
-6260.89136839463 54.6037629916908
-6156.83570488299 -48.8250591734386
-5624.43845462699 -53.0040014831303
-5480.47389205781 -284.935299671688
-4593.49338682363 -145.149679412048
-4729.30901188898 116.034214944203
-4985.06028124283 260.834565975444
-4585.55339643535 314.116080424125
-3874.50636243962 -140.761789986953
-3874.50636243962 -140.761789986953
-3874.50636243962 -140.761789986953
-3496.93892475821 -213.893280406632
-3496.93892475821 -213.893280406632
-3431.53847761141 -201.356453477557
-3351.72067949602 -340.30628527514
-3467.26843435912 -279.711621784536
-3555.02622286309 -175.447011157498
-3555.02622286309 -175.447011157498
-3555.02622286309 -175.447011157498
-3419.00165068219 -129.269698635189
-3850.05954992783 -322.754727574465
-4236.19381934417 -447.914049749961
-4627.76071376337 -621.340155602538
-4817.06680039266 -1125.52954526801
-4597.04548778711 -1802.93609367065
-4792.82893499641 -2194.71193520525
-4999.68657932667 -2199.09982463034
-5388.9550554754 -2248.20239676933
-5111.05539188023 -2041.13580532367
-5007.62656971525 -1473.00859831967
-5007.62656971525 -1473.00859831967
-4999.26868509587 -874.375112454957
-4999.26868509587 -874.375112454957
-4999.26868509587 -874.375112454957
-4438.66357424934 -1008.10126636539
-4837.96151194126 -968.19236730784
-5138.2185168933 -626.145939258735
-5002.82078605905 -720.590035457976
-5007.20867548415 -548.835506529216
-5156.39691594063 -241.265352535254
-5308.09252178284 -23.9603524306913
-5387.28347855158 -12.2593139636733
-5786.37246912795 122.302628408815
-6116.09101736353 -59.8992562942478
-6458.76428675885 -507.672924778656
-6296.41237802708 -716.411093148284
-6198.62512798021 -647.458545038148
-5667.48156041692 -572.4465305791
-5621.51319501016 -782.856275872545
-4825.42468501204 -924.313473056003
-4264.19273281915 -1344.92401652734
-4250.61117031277 -1405.93657424905
-4898.34722831661 -1302.50775208392
-5703.83835851128 -1326.74561748016
-6827.55594559007 -1324.65614632539
-7970.49666729335 -1324.02930497888
-8634.32165318961 -1324.44719920984
-9585.23997576202 -1325.07404055634
-9998.32842307618 -1317.76089151427
-9998.32842307618 -1317.76089151427
-9998.32842307618 -1317.76089151427
-10000 -1514.58907430133
-9807.55970663833 -1327.58140594207
-8441.04557136573 -1111.53008853052
-8402.39035500119 -1323.40246363238
-8920.7881485197 -1432.68180503116
-8351.40725882269 -1326.74561748016
-7185.90024864699 -1250.2709732127
-7185.90024864699 -1250.2709732127
-7845.1283980023 -909.687174972008
-7808.56265279268 -808.347823961798
-6917.82109947977 -891.508775924827
-6429.51169059115 -759.245251822661
-6400.67698865427 -696.561117177285
-5896.27865187325 -549.462347875722
-5680.01838734614 -667.308521009295
-5680.01838734614 -667.308521009295
-5680.01838734614 -667.308521009295
-5093.71278129511 -627.817516182553
-4991.53764182284 -1082.27749236268
-5307.88357466729 -1156.87161259077
-5477.13073821017 -692.382174867445
-5285.52623331042 -297.472126600763
-5006.16393990669 -682.143766208693
-5186.27635345498 -779.722069140314
-5670.6157671493 -507.463977663254
-5381.64190643347 -251.503761194006
-5381.64190643347 -251.503761194006
-5381.64190643347 -251.503761194006
-4869.72147349498 261.461407321801
-5032.07338222704 172.449936125264
-5129.23379092756 -187.356996740067
-5669.36208445629 122.302628408815
-5824.60979126169 726.786633507034
-5924.90440669458 122.302628408815
-5999.08063269187 230.955128461096
-5576.38061806561 -97.5097370814731
-5307.46568043619 -296.427391023303
-5014.93971875717 -263.622693892127
-5013.89498317971 -243.145876574622
-5013.89498317971 -243.145876574622
-5013.89498317971 -243.145876574622
-7242.9428111744 -1712.6709397811
-6307.27762803219 -1705.98463208554
-6015.37850769953 -1047.17437696118
-6015.37850769953 -1047.17437696118
-5625.48319020445 -642.443814266548
-4888.10881965756 -626.772780605241
-4275.68482417091 -464.211924757774
-3806.18065567599 -311.680530453655
-3782.77857874166 -307.083693913009
-3782.77857874166 -307.083693913009
-3782.77857874166 -307.083693913009
-3782.77857874166 -307.083693913009
-3398.31588624913 -78.7044966877862
-3674.96186715129 -253.593232348926
-4169.12179527355 -233.325362146825
-4715.51850226704 -330.067876616388
-5024.34233895402 -40.6761216696066
-5014.52182452607 -349.291011241029
-4831.06625713014 -749.006843163909
-5178.3363630664 -1310.44774247235
-5398.9845170186 -1266.56884822051
-5420.71501702911 -819.422021082459
-5790.13351720669 -560.745492111934
-6135.94099333468 -371.230458366948
-6135.94099333468 -371.230458366948
-6259.63768570162 -61.3618861026622
-6512.67264255418 324.145541967325
-7522.30510457813 304.086618880775
-7494.0972439876 196.687801521506
-6949.37211391793 114.153690904835
-7128.43979188876 -292.875290060117
-7473.6204266701 -86.0176457298581
-7482.18725840474 232.626705384914
-7111.30612841889 211.731993836455
-7104.41087360778 114.571585135789
-7214.73495058387 -89.7786938085954
-7419.50312375921 -779.304174909359
-7532.12561900578 -805.840458575924
-7425.56259010842 -381.259919910297
-7126.76821496465 -440.600900708038
-7134.29031112212 -802.288357612589
-7585.61608057001 -808.556771077201
-7413.23471029475 -544.23866998857
-6911.76163313056 -391.498328569049
-6621.74303683727 -423.885131469123
-6911.55268601501 -83.928174574938
-6696.33715706566 111.019484172603
-6467.54006560934 218.418301531873
-6467.54006560934 218.418301531873
-6085.37579138728 116.034214944203
-5976.51434421945 -338.425761235771
-5685.65995946425 -407.796203576861
-5561.33642575066 -55.0934726380504
-4711.3395599572 -76.6150255330146
-4711.3395599572 -76.6150255330146
-4138.4065692973 -243.354823690025
-3783.19647297276 -307.083693913009
-3783.19647297276 -307.083693913009
-3783.19647297276 -307.083693913009
-3492.34208821757 -143.895996719185
-3492.34208821757 -143.895996719185
-3492.34208821757 -143.895996719185
-3492.34208821757 -143.895996719185
-3492.34208821757 -143.895996719185
-3396.22641509421 -82.2565976511207
-3566.51831421456 -177.954376543224
-4052.73825194825 -387.319386259357
-4052.73825194825 -387.319386259357
-3904.38579995397 -785.572588373823
-4038.1119538644 -1264.89727129654
-4395.82941557496 -1265.52411264305
-4818.52943020122 -1029.41387214495
-5096.84698802719 -625.728045027781
-5358.03088238359 -1163.76686740189
-6280.74134436577 -1330.92455978985
-6079.52527215362 -1483.87384832492
-5864.72763743478 -1684.04518495962
-5696.10731523855 -1828.21869464435
-5783.44720951113 -1830.30816579927
-6084.12210869427 -1933.52804084885
-6300.38237322137 -1772.63876192535
-5024.96918030037 -1623.45052146901
-4264.81957416581 -1704.31305516172
-4779.87421383638 -1429.12970406783
-4685.84801186825 -1299.58249246709
-5145.94956016633 -1308.77616554853
-6057.16793079675 -1330.92455978985
-6468.79374830235 -1506.8580310283
-6564.70047430985 -1832.18868983864
-6084.74895004062 -1362.26662711261
-6084.74895004062 -1362.26662711261
-6078.48053657616 -1579.57162721718
-5164.75480056001 -1632.22630031935
-4714.47376668958 -1808.36871867335
-5187.73898326324 -1535.48378584979
-5401.90977663543 -1189.67630972195
-5401.90977663543 -1189.67630972195
-5401.90977663543 -1189.67630972195
-5356.56825257532 -807.303088384338
-5361.79193046233 -694.053751791411
-5071.98228128459 -628.235410413655
-4359.8905117114 -717.664775841147
-4442.42462232807 -775.125232599668
-4442.42462232807 -775.125232599668
-4647.61068973452 -777.632597985394
-4647.61068973452 -777.632597985394
-4647.61068973452 -777.632597985394
-4647.61068973452 -777.632597985394
-4647.61068973452 -777.632597985394
-4782.38157922241 -715.575304686375
-4987.14975239775 -1131.17111738611
-5184.18688230006 -787.662059528743
-5020.16339664418 -353.052059319766
-5020.16339664418 -353.052059319766
-5020.16339664418 -353.052059319766
-5020.16339664418 -353.052059319766
-5151.38218516888 -354.514689128181
-5687.74943061917 -162.910184228274
-5644.28843059814 -347.619434317212
-6205.52038279103 -633.876982531762
-6395.03541653616 -718.082670072101
-6642.63774838588 -769.692607596965
-6598.75885413404 -1101.50062698732
-6283.6666039826 -1092.51590102143
-6218.05720972025 -1708.90989170236
-5171.65005537083 -1630.55472339553
-4480.66194446181 -1846.81498792249
-4952.67347834246 -1639.53944936127
-4952.67347834246 -1639.53944936127
-4683.75854071333 -1322.35772805507
-4900.43669947123 -1264.47937706559
-5239.13997367256 -1157.49845393727
-5190.03740153372 -671.696410434538
-4786.56052153195 -1437.90548291832
-4801.1868196158 -1875.02284851302
-4817.90258885486 -1059.71120389025
-4874.52725715118 -252.130602540511
-5011.80551202479 -241.265352535254
-5020.79023799083 -258.399016004975
-5020.79023799083 -258.399016004975
-5020.79023799083 -258.399016004975
-5020.79023799083 -258.399016004975
-4917.77931005666 -1306.89564150916
-5154.30744478571 -1502.26119448766
-5403.16345932844 -1163.14002605538
-5350.71773334167 -632.832246954301
-4498.84034350913 -778.050492216348
-3896.44580956569 -776.587862407934
-3583.23408345332 -771.782078751885
-3528.90783342718 -149.746515952842
-3773.37595854481 107.258436093866
-4010.32198750497 261.461407321801
-3390.37589586085 -10.1698428087532
-3390.37589586085 -10.1698428087532
-3398.73378048023 -79.122390918889
-3416.49428529646 -50.9145303283587
-3416.49428529646 -50.9145303283587
-3416.49428529646 -50.9145303283587
-3416.49428529646 -50.9145303283587
-3397.68904490277 -78.077655341429
-3555.4441170939 -166.880179422563
-4027.03775674374 -380.633078563791
-4246.43222800292 -473.196650723663
-3918.59420380701 158.450479387775
-2985.01849181972 1105.39880676605
-3187.07035249378 1322.70380687047
-2744.10246766527 1495.71201849224
-3525.7736266951 553.778421885411
-4061.51403079873 136.92892649281
-4389.5610021102 213.194623644721
-4628.38755510973 -229.564314068087
-5014.52182452607 -432.451963204057
-5014.52182452607 -432.451963204057
-4799.09734846117 -1218.51101165898
-4262.10326166453 -1383.99712712313
-4625.25334837735 -1403.84710309413
-4784.47105037703 -1157.28950682172
-4784.47105037703 -1157.28950682172
-5181.05267556768 -992.22128558853
-5050.46072838963 -975.714463465315
-5006.58183413779 -545.074458450479
-5027.8944399172 77.587945694921
-4844.02097829047 345.040253515932
-4903.15301197251 262.297195783858
-5106.45855533959 315.578710232539
-5038.55074280706 383.486522765066
-5018.07392548955 647.804623853697
-5185.23161787752 294.683998683932
-5539.3969786246 -370.603617020442
-5361.79193046233 -750.887367203278
-5148.2479784365 -976.132357696269
-4842.97624271301 -466.719290143648
-4021.39618462563 268.774556363873
-4521.40663198126 68.6032197291803
-4890.61618504359 -57.182943792822
-5015.56656010353 -440.809847823441
-5416.74502183482 -783.901011450005
-5618.17004116253 -635.966453686533
-5966.06698844514 -724.351083536713
-6134.47836352612 -417.198823773705
-6149.94045007217 -179.62595346719
-6208.02774817705 -382.722549718563
-6515.18000793991 -63.4513572574338
-6602.31095509723 -484.688742075278
-6398.7964646149 -720.590035457976
-6359.93230113451 -541.522357487293
-5796.40193067145 -167.507020769069
-6125.91153179118 -465.674554566188
-6922.62688313596 -999.534434630602
-8110.49123466854 -1065.35277600836
-8333.64675400646 -1091.05327121301
-8367.4961867151 -1382.53449731472
-8367.4961867151 -1573.30321375256
-7654.56862868 -153.298616916028
-7193.21339768891 -58.4366264858334
-6845.7343446374 315.160816001436
-6531.47788294787 704.220345034758
-6499.5089742786 1126.29351831451
-5664.34735368484 71.737426461412
-5428.65500741769 -224.340636180935
-5428.65500741769 -224.340636180935
-5428.65500741769 -224.340636180935
-5428.65500741769 -224.340636180935
-5428.65500741769 -224.340636180935
-5428.65500741769 -224.340636180935
-4176.43494431548 -1109.8585116067
-3571.5330449863 -1161.67739624697
-3343.36279487663 -1145.79741547011
-3654.27610271823 -1049.89068946245
-4027.24670385929 -838.227261476146
-4247.68591069594 -781.811540295085
-4646.77490127231 -721.216876804481
-4646.77490127231 -721.216876804481
-4646.77490127231 -721.216876804481
-5769.65669988919 -460.032982448082
-6171.46200296714 165.763628429698
-5277.58624292184 339.189734282275
-4622.74598299162 -118.40444863008
-4622.74598299162 -118.40444863008
-4296.57953571952 -350.335746818489
-3822.47853068395 76.9611043485637
-4389.14310787939 -472.569809377157
-4632.14860318846 -1204.92944915245
-4632.14860318846 -1204.92944915245
-4490.06456465865 -782.856275872545
-4267.95378089789 -323.590516036373
-3820.80695375984 78.4237341569781
-3458.28370839338 613.955191145209
-3458.28370839338 613.955191145209
-2807.83133788825 1366.16480689135
-2291.31406840911 2003.45350912089
-1721.30633736604 3073.88958175085
-33.2225913619823 3053.41276443334
1389.28937086028 3171.04999045152
3415.0316554882 3747.53508207475
5091.41436302493 3819.83078403267
6843.85382059803 3596.0484233481
8525.46020602207 3641.18100029295
9311.9371487078 3816.06973595394
9322.59345159766 3839.47181288827
9322.59345159766 3839.47181288827
9322.59345159766 3839.47181288827
9322.59345159766 3839.47181288827
9322.59345159766 3839.47181288827
9322.59345159766 3839.47181288827
9700.78773062542 3914.27488023191
9837.02124992188 3727.68510610376
9837.02124992188 3727.68510610376
9837.02124992188 3727.68510610376
9831.37967780377 3739.80403880188
9636.84991328718 4079.96994281146
9309.84767755288 4347.42225063248
9309.84767755288 4347.42225063248
9309.84767755288 4347.42225063248
9309.84767755288 4347.42225063248
9344.32395160787 4604.42720267903
9230.02987943778 3692.79093781766
9230.02987943778 3692.79093781766
9309.01188909097 4022.30053893769
9526.31688919553 5279.1174385804
9646.46148059928 5818.40994364737
9795.64972105576 7066.8689586707
9860.42332685621 7702.06818974532
9860.42332685621 7702.06818974532
9860.42332685621 7702.06818974532
9860.42332685621 7702.06818974532
9860.42332685621 7702.06818974532
10000 7754.09602150099
10000 7754.09602150099
9754.0692450741 7059.55580962863
9620.13414404842 5752.38265515406
9455.27486993062 4940.83205861003
9455.27486993062 4940.83205861003
9455.27486993062 4940.83205861003
9311.5192544767 4309.1849284986
9824.06652876185 3749.83350034508
9813.61917298754 3760.28085611938
9813.61917298754 3760.28085611938
9813.61917298754 3760.28085611938
9768.06870181159 4005.79371681433
9542.40581708794 4499.32680359009
9542.40581708794 4499.32680359009
9542.40581708794 4499.32680359009
9393.63547086256 5221.86592893743
9393.63547086256 5221.86592893743
9393.63547086256 5221.86592893743
9383.60600931906 4610.06877479714
9383.60600931906 4610.06877479714
9311.9371487078 4095.64097647292
9318.83240351892 3545.06532716974
9370.44234104348 3019.98122595581
