792
-8786.04656127516 372.539759261602
-8786.04656127516 372.539759261602
-8786.04656127516 372.539759261602
-8786.04656127516 372.539759261602
-8786.04656127516 372.539759261602
-8786.04656127516 372.539759261602
-8786.04656127516 372.539759261602
-8786.04656127516 372.539759261602
-8786.04656127516 372.539759261602
-8786.04656127516 372.539759261602
-8786.04656127516 372.539759261602
-8786.04656127516 372.539759261602
-8786.04656127516 372.539759261602
-8786.04656127516 372.539759261602
-8786.04656127516 372.539759261602
-8786.04656127516 372.539759261602
-8786.04656127516 372.539759261602
-8427.8398992869 353.046206247736
-8363.7030797852 368.701650378041
-8353.24928322082 418.092051537571
-8388.19627463428 478.946277915126
-8324.10995656528 480.208813732094
-8381.02507119396 538.689472773761
-8471.0691256596 582.979229232763
-8551.31590218574 580.858169060276
-8727.46489936814 625.147925519278
-8695.90150394413 646.510031542265
-8669.79226324941 575.808025792406
-8506.26862423654 581.363183387042
-8321.68588779674 463.139329486774
-8367.54118866877 402.588111705278
-8412.73997091598 370.216693358409
-8382.54011417429 347.996062979866
-8322.69591645034 289.717409668941
-8300.7277932352 272.799429721669
-8299.97027174499 273.051936885034
-8300.4752860718 272.647925423621
-8239.36855253084 293.252509956443
-8172.35315136657 295.777581590342
-4244.80623053004 -175.451286732347
-369.831301111757 -911.96418091501
-369.831301111757 -911.96418091501
-369.831301111757 -911.96418091501
-369.831301111757 -911.96418091501
-8325.4734952476 84.5300886963558
-8433.79906834291 25.6959196259342
-8436.67765000563 54.835246281433
-8479.75537208033 67.4606044510366
-8405.01325171623 109.780805035599
-8291.13252102626 139.980661777287
-8322.03939782553 193.613183281827
-8319.26181902819 257.598498485436
-8300.57628893719 272.799429721669
-8276.48710554952 273.051936885034
-8241.64111700137 236.185891029754
-8319.918337653 236.034386731742
-8318.40329467267 258.255017110249
-8298.70773592806 280.374644623438
-8235.47994221458 272.799429721669
-8002.61783613421 277.041550066643
-7570.37607383929 267.69878502114
-7406.4989247977 213.207739161081
-7234.49104509488 118.972065783054
-7234.49104509488 118.972065783054
-7100.56124563158 8.27292535186122
-7117.58022844424 21.2517935502545
-7212.67442617775 102.609601595242
-7284.99247777329 141.849214786409
-7280.59885313031 153.111034273692
-7280.85136029371 153.060532841034
-7329.9892542898 236.286893895143
-7329.9892542898 236.286893895143
-7330.69627434731 272.294415394868
-7392.96454083988 268.506807944001
-7439.57736320211 265.072710521852
-7439.32485603871 265.476721983264
-7439.07234887531 265.2242148199
-7439.77936893282 264.820203358451
-7401.80229155862 196.491764944516
-7401.80229155862 196.491764944516
-7339.58452649874 185.785461216657
-7280.85136029371 152.95952997568
-7281.10386745704 152.95952997568
-7280.95236315903 152.858527110327
-7279.6898273421 151.848498456725
-7303.17299353757 174.574143162033
-7281.25537175512 152.70702281228
-7281.00286459172 152.606019946927
-7281.00286459172 152.606019946927
-7280.95236315903 152.606019946927
-7241.56124566981 124.527223377689
-6603.27363804675 -407.757877053261
-6603.77865237355 -407.60637275525
-6603.77865237355 -407.60637275525
-6657.3101710127 -409.121415735582
-6644.12929708367 -399.374639228667
-6644.63431141048 -399.021129199913
-6644.8868185738 -399.374639228667
-6644.02829421829 -399.273636363278
-6644.28080138169 -399.172633497925
-6644.28080138169 -399.172633497925
-6644.12929708367 -399.172633497925
-6643.87678992027 -398.617117738465
-6644.12929708367 -399.122132065266
-6643.27077272816 -397.910097680993
-6643.92729135297 -398.768622036513
-6642.66475553597 -398.162604844358
-6644.28080138169 -398.66761917116
-6644.12929708367 -398.92012633456
-6644.4323056797 -398.92012633456
-6644.17979851637 -399.273636363278
-6644.4323056797 -399.526143526679
-6644.17979851637 -399.273636363278
-6644.12929708367 -400.03115785348
-6644.17979851637 -399.374639228667
-6644.12929708367 -398.869624901866
-6644.02829421829 -399.172633497925
-6644.02829421829 -399.879653555433
-6643.92729135297 -400.132160718833
-6644.38180424708 -399.021129199913
-6644.02829421829 -398.92012633456
-6644.17979851637 -399.273636363278
-6644.12929708367 -399.172633497925
-6643.92729135297 -399.172633497925
-6643.92729135297 -399.122132065266
-6643.77578705488 -399.172633497925
-6643.67478418957 -398.92012633456
-6644.38180424708 -398.768622036513
-6644.12929708367 -398.768622036513
-6643.77578705488 -398.66761917116
-6644.38180424708 -398.617117738465
-6644.38180424708 -398.768622036513
-6644.12929708367 -399.273636363278
-6644.02829421829 -399.627146392032
-6644.02829421829 -399.77865069008
-6643.67478418957 -398.617117738465
-6643.77578705488 -399.627146392032
-6644.12929708367 -399.425140661326
-6644.6848128431 -398.516114873112
-6644.28080138169 -399.526143526679
-6644.12929708367 -399.122132065266
-6644.28080138169 -399.374639228667
-6644.78581570849 -398.263607709711
-6644.6848128431 -398.263607709711
-6644.6848128431 -398.263607709711
-6644.53330854509 -399.425140661326
-6644.53330854509 -399.172633497925
-6643.77578705488 -399.930154988127
-6644.02829421829 -398.768622036513
-6644.02829421829 -398.768622036513
-6644.02829421829 -398.768622036513
-6644.02829421829 -398.768622036513
-6644.02829421829 -398.768622036513
-6644.02829421829 -398.768622036513
-6644.17979851637 -399.425140661326
-6644.17979851637 -399.374639228667
-6644.63431141048 -398.768622036513
-6644.4323056797 -398.415112007759
-6644.28080138169 -400.889682208999
-6644.02829421829 -400.03115785348
-6644.28080138169 -398.516114873112
-6644.17979851637 -398.869624901866
-6644.4323056797 -398.3646105751
-6643.92729135297 -399.273636363278
-6643.92729135297 -398.92012633456
-6644.12929708367 -398.92012633456
-6865.72958367677 -501.135026075734
-6875.72886734704 -488.408665040777
-7499.01754946465 -10000
-6644.17979851637 -399.273636363278
-6644.38180424708 -398.92012633456
-6644.6848128431 -399.374639228667
-6644.8868185738 -399.021129199913
-6644.28080138169 -399.374639228667
-6644.28080138169 -399.273636363278
-6644.53330854509 -398.768622036513
-6644.53330854509 -398.768622036513
-6644.8868185738 -398.415112007759
-6644.4323056797 -399.374639228667
-6644.4323056797 -399.172633497925
-6644.28080138169 -399.172633497925
-6644.02829421829 -399.526143526679
-6644.12929708367 -399.526143526679
-6643.92729135297 -399.930154988127
-6656.55264952257 -407.85887991865
-6884.26360946976 -430.988536085371
-6996.88180434273 -119.596702189968
-7285.04297920599 160.635747742803
-7423.77041477376 241.943054355132
-7449.17263541098 265.981736310066
-7449.17263541098 265.981736310066
-7449.17263541098 265.981736310066
-7449.17263541098 265.981736310066
-7449.17263541098 265.981736310066
-7449.17263541098 265.981736310066
-7449.17263541098 265.981736310066
-7275.70021416045 280.475647488791
-7394.73209098361 268.102796482553
-7565.57843773482 272.041908231467
-7637.03796497484 281.990690469124
-7725.66797932554 287.949859525208
-7725.66797932554 287.949859525208
-7725.66797932554 287.949859525208
-7725.66797932554 287.949859525208
-7725.66797932554 287.949859525208
-7725.66797932554 287.949859525208
-8385.46919726964 273.910461240589
-8275.98209122272 313.705590191216
-8282.90078749971 275.172997057556
-8241.03509980926 260.174071552029
-8242.65114565498 205.582022826617
-8319.51432619159 229.216693320139
-8378.34849526201 278.051578720209
-8323.60494223855 276.688040037889
-8311.58560126107 233.105303636395
-8311.58560126107 233.105303636395
-8311.58560126107 233.105303636395
-8311.58560126107 233.105303636395
-8299.56626028358 274.162968403954
-8238.61103104071 307.645418269779
-8236.69197659889 400.770060128887
-8290.02148950734 517.933383942893
-8153.8696270062 548.385747848018
-8179.4233519415 618.229229242321
-8179.4233519415 618.229229242321
-8179.4233519415 618.229229242321
-8223.7131084005 603.937323794302
-8296.28366715952 536.618914033933
-8290.22349523804 521.367481365041
-8256.6400425069 434.656521456125
-8238.86353820404 350.672638911849
-8278.91117431807 300.322710531411
-8278.91117431807 300.322710531411
-8278.91117431807 300.322710531411
-8278.91117431807 300.322710531411
-8278.91117431807 300.322710531411
-8185.48352386297 265.426220550606
-8165.63646082028 297.242123138015
-8266.74032904257 313.453083027815
-8320.27184768172 304.615332309079
-8321.28187633532 440.161177618066
-8432.13252106456 440.666191944867
-8482.12893941625 483.491406856195
-8482.12893941625 483.491406856195
-8632.52220593264 479.703799405292
-8713.57700538161 479.29978794388
-8756.4022202929 478.845275049773
-8803.72206271264 468.492481350704
-8854.57700541984 453.695561575883
-8884.62535786352 432.888971312356
-8856.24355269826 440.464186214125
-8731.75752114581 474.653656137458
-8675.04441224791 441.32271056968
-8610.45307985218 438.141120310932
-8573.43552969889 437.888613147531
-8539.59956980428 519.75143551932
-8542.2761457363 573.989974215978
-8496.1683377008 654.287252174741
-8525.30766435633 581.868197713843
-8333.40222017813 506.873570186316
-8323.30193364246 433.646492802558
-5063.43445424786 -3110.54405257177
-5063.43445424786 -3110.54405257177
-5063.43445424786 -3110.54405257177
-5063.43445424786 -3110.54405257177
-5063.43445424786 -3110.54405257177
-5063.43445424786 -3110.54405257177
-8320.1708448164 306.2313781548
-8372.69233480202 533.891836669292
-8433.3950568815 516.216335231818
-8664.84312284685 479.451292241927
-9212.17765021606 482.834888231382
-9195.25967026872 520.458455576828
-9068.70307997652 555.102438394232
-8955.47886791142 572.373928370293
-8758.77578762882 574.545489975438
-8523.79262137593 580.454157598828
-8339.36138923421 509.752151849005
-8339.36138923421 509.752151849005
-8339.36138923421 509.752151849005
-8323.80694796926 281.586679007711
-8323.80694796926 281.586679007711
-8323.80694796926 281.586679007711
-7990.90150375282 278.960604508423
-7526.64183313978 262.901148916671
-7443.06196205688 175.584171815599
-7331.70630300091 185.280446889891
-7241.86425426591 142.505733411222
-7133.48817973791 77.8638995828002
-6756.04047189914 -59.1464872738606
-6690.08560082102 -298.371773871731
-6643.92729135297 -399.374639228667
-6644.12929708367 -399.677647824726
-6644.6848128431 -399.627146392032
-6644.6848128431 -399.627146392032
-6639.83667530601 -404.47528392916
-6644.17979851637 -398.92012633456
-6644.17979851637 -398.92012633456
-6642.76575840135 -409.52542719703
-6695.94376701179 -392.455942951711
-6695.94376701179 -392.455942951711
-6695.94376701179 -392.455942951711
-6695.94376701179 -392.455942951711
-6695.94376701179 -392.455942951711
-6695.94376701179 -392.455942951711
-6646.65436871761 -405.081301121314
-6646.65436871761 -405.081301121314
-6686.70200483157 -305.9469887735
-6722.30551486991 -101.971702185188
-6989.35709087362 40.7453465641198
-7237.31912532484 122.153656041802
-7356.24999928261 192.956664657014
-7459.27292194665 266.688756367573
-7580.82987040375 280.223140325391
-7580.82987040375 280.223140325391
-7579.46633172143 281.132166113604
-7579.46633172143 281.132166113604
-7649.41081598112 281.738183305723
-7824.90329453871 281.384673277005
-7977.01360976629 281.889687603771
-8179.01934048009 274.061965538601
-8227.39971298605 274.415475567354
-8298.96024309146 274.667982730755
-8339.36138923421 274.516478432707
-8405.01325171623 275.678011384322
-8425.11282192226 276.183025711123
-8459.55479900892 380.872495653573
-8586.46489932991 400.265045802085
-8602.87786495038 400.164042936732
-8522.02507123219 401.679085917101
-8385.16618867354 402.032595945818
-8320.42335197981 411.880375318122
-8293.00107403538 402.588111705278
-8288.35494222899 499.550862447947
-8291.23352389165 522.529014316656
-8259.16511414084 573.282954158507
-8259.16511414084 573.282954158507
-8262.34670439958 578.939114618496
-8235.83345224337 402.335604541914
-8235.83345224337 402.335604541914
-8270.07342359933 361.378942639672
-8270.07342359933 361.378942639672
-8270.07342359933 361.378942639672
-8319.05981329748 350.066621719695
-8323.80694796926 344.511464125059
-8322.19090212354 323.250360967425
-8321.07987060462 397.992481331551
-8322.59491358495 338.956306530423
-8325.22098808427 102.811607325948
-8433.95057264099 25.2919081645219
-8445.5154007243 753.674071685955
-8462.93839499837 1066.12643566758
-8466.47349528591 922.197352533967
-8325.11998521889 90.69126348311
-8389.6103147493 544.749644695162
-8637.1683377391 578.939114618496
-8704.08273603806 575.757524359747
-8546.06375318716 579.595633243309
-8453.99964141432 539.648999994634
-8577.72815147656 530.35673638179
-8592.22206265529 530.053727785731
-8589.69699102135 405.56769623332
-8603.58488500789 375.670848087691
-8546.92227754268 354.460246362716
-8478.1393262346 401.578083051712
-8470.31160416947 404.709171877801
-8378.34849526201 437.282595955413
-8378.34849526201 437.282595955413
-8405.87177607175 490.309100267798
-8778.31984207542 477.07772490604
-8866.44484209931 436.373570167199
-9012.64648970343 429.606378188254
-9077.79333785865 443.090260713413
-9037.64469887931 425.414759275975
-8965.47815158178 395.467409697616
-8655.09634633997 400.265045802085
-7999.73925447156 277.445561528055
-7840.40723437104 281.384673277005
-8325.726002411 87.4086703590088
-8491.01719156761 22.1608193384682
-8514.24785059968 -13.5941949978916
-8519.39899673294 -51.9752838335396
-8514.50035776308 2.31375629581321
-8323.09992791175 190.835604484527
-8321.28187633532 467.835962725855
-8484.90651821351 582.726722069362
-8592.77757841471 628.68302580678
-8374.81339497448 652.065189136901
-8167.15150380069 537.022925495346
-8181.79691927742 495.763254997045
-8272.54799380057 402.588111705278
-8357.03689067168 274.920489894156
-8374.30838064767 275.071994192167
-8570.30444087284 272.799429721669
-8765.08846671363 277.597065826103
-8792.96525755216 260.931593042232
-8537.47850963183 273.001435452375
-8537.47850963183 273.001435452375
-8327.49355255474 272.748928288974
-8327.49355255474 272.748928288974
-8028.2725639349 272.294415394868
-7429.07306520496 247.498211949731
-7310.14219124719 160.433742012097
-7233.48101644128 117.962037129487
-6985.31697625935 39.179802151093
-6712.20522833425 -153.331659219194
-6647.56339450582 -402.404725189368
-6647.56339450582 -402.404725189368
-6644.28080138169 -398.66761917116
-6645.29083003529 -398.263607709711
-6645.29083003529 -398.263607709711
-6657.3101710127 -404.576286794549
-6657.3101710127 -404.576286794549
-6784.57378136248 -407.101358428448
-6964.96489888993 -301.401859832431
-7014.3047986168 -50.4097394204769
-7161.06196198034 86.5501460034895
-7309.13216259365 180.482810785422
-7328.82772133819 259.61855579257
-7407.60995631662 266.688756367573
-7580.98137470176 279.869630296637
-7580.98137470176 279.869630296637
-7706.47743490774 285.626793621979
-7870.0515753533 281.334171844311
-7870.0515753533 281.334171844311
-8017.91977023583 308.150432596581
-8017.91977023583 308.150432596581
-8017.91977023583 308.150432596581
-8017.91977023583 308.150432596581
-8109.22636051848 312.645060104955
-8197.85637486917 264.416191897039
-8420.6686958465 267.092767828986
-8327.89756401622 272.496421125574
-8327.89756401622 272.496421125574
-8327.89756401622 272.496421125574
-8327.89756401622 272.496421125574
-8213.25931183611 273.304444048434
-8209.47170438518 121.800146013048
-8241.23710553996 189.674071532913
-8891.94806560192 331.229587330642
-5734.09348021783 -1288.70486869634
-4706.64183237453 -1561.41260516004
-4706.64183237453 -1561.41260516004
-4706.64183237453 -1561.41260516004
-8963.71060143804 306.2313781548
-9083.65150404935 270.274358087734
-9098.65042955487 270.274358087734
-9220.7123923387 270.627868116488
-9182.2303006377 353.854229170597
-9068.3495699478 374.155805107323
-8979.06303697229 278.506091614316
-8888.21095958375 373.650790780522
-8795.99534351282 395.012896803509
-8622.52292226236 379.559458403911
-8875.43409711606 1989.34312646253
-6445.20415376323 -1585.80479714373
-5745.35529970511 -2323.27721854726
-7497.65401078233 -994.180513315553
-9312.01898262135 950.124644805157
-9455.34204856281 1737.03796880092
-10000 3216.52794054909
-9260.76002845273 2484.61067674019
-9390.39720613829 2405.323427435
-8736.70666154836 1965.70845596901
-8388.49928323038 1511.0945589975
-8045.94806537238 1725.17013212148
-7698.59921140991 2171.40079126836
-7593.20272140995 2303.8155477513
-7593.20272140995 2303.8155477513
-7593.20272140995 2303.8155477513
-7593.20272140995 2303.8155477513
-7593.20272140995 2303.8155477513
-7593.20272140995 2303.8155477513
-7593.20272140995 2303.8155477513
-8270.27542933011 361.53044693772
-8270.32593076273 361.378942639672
-8270.07342359933 361.176936908966
-8270.27542933011 361.53044693772
-8239.52005682892 304.110317982313
-8378.14648953123 274.314472702001
-8574.69806551582 272.748928288974
-8719.7381801684 268.456306511306
-8753.22063003422 277.344558662702
-8745.99892516114 303.807309386218
-8745.99892516114 303.807309386218
-8965.07414012036 352.793699084336
-8930.07664727413 424.657237785773
-8875.68660427946 395.26540396691
-8764.68445525221 396.527939783877
-8614.34169016844 400.31554723478
-8547.93230619629 420.768627469554
-8484.65401105011 436.878584493965
-8484.65401105011 436.878584493965
-8502.83452681439 378.044415423579
-8455.76719155805 293.959530013914
-8296.58667575554 274.061965538601
-8149.57700522853 274.011464105942
-8149.57700522853 274.011464105942
-8301.4853147254 275.27399992291
-8300.87929753321 272.041908231467
-8300.87929753321 272.041908231467
-8300.87929753321 272.041908231467
-8300.87929753321 272.041908231467
-8300.87929753321 272.041908231467
-8300.82879610052 272.14291109682
-8300.57628893719 271.789401068066
-8300.87929753321 272.14291109682
-8301.232807562 272.14291109682
-8300.87929753321 272.294415394868
-8300.87929753321 272.294415394868
-8242.39863849158 273.051936885034
-8246.69126026924 300.928727723565
-8246.69126026924 300.928727723565
-8323.45343794047 272.496421125574
-8324.31196229606 272.546922558268
-8324.05945513266 272.395418260221
-8324.05945513266 272.14291109682
-8324.10995656528 272.14291109682
-8324.36246372868 272.041908231467
-8324.31196229606 272.243913962173
-8038.62535763397 272.14291109682
-7795.46095928722 279.112108806471
-7587.24355235387 275.779014249675
-7413.5691253727 242.751077277956
-7415.58918267984 228.964186156738
-7467.45415404057 309.917982740314
-7467.45415404057 309.917982740314
-7419.6292972941 337.643269280797
-7377.56160387294 345.369988480614
-6967.33846622578 161.039759204215
-6753.2628931018 -60.8130345522406
-6753.2628931018 -60.8130345522406
-6660.94627416556 -345.136100531973
-6721.80050054311 -396.395054700625
-6713.61926844919 -393.465971605278
-6713.36676128586 -393.112461576524
-6713.61926844919 -393.465971605278
-6713.56876701657 -393.364968739925
-6713.61926844919 -393.364968739925
-6713.61926844919 -393.364968739925
-6713.72027131458 -393.465971605278
-6713.72027131458 -393.465971605278
-6713.61926844919 -393.566974470631
-6644.02829421829 -399.273636363278
-6644.02829421829 -399.273636363278
-6644.28080138169 -399.172633497925
-6644.28080138169 -399.172633497925
-6643.92729135297 -399.677647824726
-6644.28080138169 -399.374639228667
-6643.92729135297 -399.122132065266
-6644.17979851637 -399.172633497925
-6644.17979851637 -399.172633497925
-6644.12929708367 -399.021129199913
-6644.17979851637 -399.374639228667
-6644.12929708367 -399.526143526679
-6644.17979851637 -399.77865069008
-6644.17979851637 -399.930154988127
-6644.38180424708 -399.77865069008
-6644.38180424708 -398.617117738465
-6644.28080138169 -399.122132065266
-6644.28080138169 -399.172633497925
-6643.77578705488 -399.425140661326
-6644.12929708367 -399.627146392032
-6644.6848128431 -399.425140661326
-6644.12929708367 -399.021129199913
-6644.02829421829 -399.273636363278
-6643.87678992027 -399.172633497925
-6643.67478418957 -399.122132065266
-6643.62428275687 -399.122132065266
-6643.92729135297 -399.122132065266
-6643.77578705488 -398.92012633456
-6643.77578705488 -399.273636363278
-6643.01826556475 -398.92012633456
-6643.52327989148 -399.172633497925
-6644.12929708367 -399.172633497925
-6645.13932573721 -398.011100546346
-6643.92729135297 -399.526143526679
-6643.87678992027 -399.627146392032
-6643.77578705488 -400.03115785348
-6644.02829421829 -399.879653555433
-6643.42227702617 -398.66761917116
-6643.42227702617 -399.273636363278
-6643.42227702617 -399.273636363278
-6644.28080138169 -398.768622036513
-6644.12929708367 -399.425140661326
-6644.02829421829 -399.526143526679
-6644.12929708367 -399.425140661326
-6644.12929708367 -399.374639228667
-6644.28080138169 -399.122132065266
-6644.78581570849 -399.526143526679
-6644.53330854509 -399.425140661326
-6643.87678992027 -398.869624901866
-6644.8868185738 -398.3646105751
-6644.28080138169 -399.273636363278
-6643.37177559347 -400.283665016881
-6643.62428275687 -399.930154988127
-6644.12929708367 -399.273636363278
-6645.13932573721 -398.768622036513
-3590.20666015183 -1275.47349333458
-994.837031940402 -2296.51145922769
-994.837031940402 -2296.51145922769
-994.837031940402 -2296.51145922769
-994.837031940402 -2296.51145922769
-994.837031940402 -2296.51145922769
-994.837031940402 -2296.51145922769
-994.837031940402 -2296.51145922769
-994.837031940402 -2296.51145922769
-994.837031940402 -2296.51145922769
-994.837031940402 -2296.51145922769
-6644.28080138169 -398.92012633456
-6644.12929708367 -399.172633497925
-6643.87678992027 -399.879653555433
-6644.17979851637 -399.122132065266
-6644.02829421829 -399.879653555433
-6644.17979851637 -399.526143526679
-6643.87678992027 -399.77865069008
-6644.12929708367 -399.425140661326
-6645.6948414967 -590.068049022526
-6644.17979851637 -400.637175045599
-6644.02829421829 -399.677647824726
-6643.62428275687 -399.526143526679
-6643.92729135297 -399.273636363278
-6643.87678992027 -398.869624901866
-6643.87678992027 -399.930154988127
-6643.67478418957 -399.627146392032
-6644.9373200065 -398.263607709711
-6644.9373200065 -398.263607709711
-6645.13932573721 -398.3646105751
-6644.38180424708 -399.122132065266
-6644.28080138169 -399.273636363278
-6631.04942601996 -401.69770513186
-6631.04942601996 -401.69770513186
-6645.39183290061 -399.526143526679
-6639.3821624119 -395.738536075812
-6644.6848128431 -399.425140661326
-6644.63431141048 -399.526143526679
-6644.63431141048 -399.526143526679
-6698.72134580905 -392.455942951711
-6698.72134580905 -392.455942951711
-6698.72134580905 -392.455942951711
-6727.86067246451 -407.959882784003
-6686.44949766824 -304.482447225826
-6729.27471257953 -94.5984930141612
-6985.31697625935 39.5838136125412
-6985.31697625935 39.5838136125412
-7389.93445487915 202.349931135211
-7500.8861024737 288.050862390561
-7578.4058016352 299.009673281784
-7741.27292202319 279.112108806471
-7839.29620285212 313.907595921922
-7988.37643211889 319.361750651205
-8046.45307969911 316.735676151917
-8046.45307969911 316.735676151917
-8181.64541497941 305.625360962645
-8318.75680470139 274.667982730755
-8368.24820872627 182.098856631143
-8264.87177603345 411.375360991357
-8294.81912561181 380.872495653573
-8323.20093077707 207.602080133751
-8312.49462704928 111.043340852531
-8192.14971297649 111.396850881284
-8102.00465564546 42.1088852464404
-8169.77757829994 111.800862342733
-8281.436245952 153.969558629247
-8350.11819439469 165.988899606696
-8354.66332333576 186.643985572212
-8351.5827359424 198.663326549661
-8351.5827359424 198.663326549661
-8351.5827359424 198.663326549661
-8351.5827359424 198.663326549661
-8351.5827359424 198.663326549661
-8351.5827359424 198.663326549661
-8351.5827359424 198.663326549661
-8351.5827359424 198.663326549661
-8351.5827359424 198.663326549661
-8351.5827359424 198.663326549661
-8351.5827359424 198.663326549661
-8351.5827359424 198.663326549661
-8351.5827359424 198.663326549661
-8351.5827359424 198.663326549661
-8351.5827359424 198.663326549661
-8351.5827359424 198.663326549661
-8325.37249238229 84.7825958597565
-8404.40723452404 -41.8749972978352
-8462.23137494093 -86.2657566221898
-8488.84562996246 -9.80658754702489
-8698.02256411666 16.2016502823843
-8523.79262137593 16.2016502823843
-8523.79262137593 16.2016502823843
-8528.59025748039 148.565905332623
-8494.55229185515 219.116406784435
-8494.55229185515 219.116406784435
-8494.55229185515 219.116406784435
-8494.55229185515 219.116406784435
-8491.118194433 256.638971264563
-8324.81697662279 197.804802194142
-8198.05838059988 230.83273916586
-8198.05838059988 230.83273916586
-8198.05838059988 230.83273916586
-8233.05587344604 275.172997057556
-8270.02292216671 277.445561528055
-8270.02292216671 277.445561528055
-8091.75286481171 311.382524287987
-6557.3173343094 1777.08560491494
-6557.3173343094 1777.08560491494
-6557.3173343094 1777.08560491494
-6557.3173343094 1777.08560491494
-8427.48638925811 350.773641777202
-8319.05981329748 327.037968418327
-8190.98818002488 309.917982740314
-8114.78151811308 313.049071566403
-8184.42299377667 256.487466966516
-8239.62105969424 277.294057230043
-8405.26575887964 274.768985596108
-8635.95630335479 270.981378145241
-8801.7020054055 269.870346626286
-8726.0508592532 310.170489903714
-8582.92979904244 354.561249228069
-8460.91833769124 403.598140358881
-8412.84097378137 403.194128897433
-8322.08989925815 311.534028586035
-8089.48030034118 272.14291109682
-7759.75644638349 280.728154652156
-7575.37571567446 270.021850924333
-7416.59921133337 229.065189022092
-7283.72994195636 158.363183272268
-7280.85136029371 151.444486995312
-7280.85136029371 151.444486995312
-7186.76719121373 99.7815213652476
-7186.76719121373 99.7815213652476
-7186.76719121373 99.7815213652476
-7053.84742040403 43.1189139000073
-6976.17621694452 -211.30730393406
-6809.57199053829 -410.787963013998
-6809.57199053829 -410.787963013998
-6809.57199053829 -410.787963013998
-6809.57199053829 -410.787963013998
-6644.17979851637 -399.273636363278
-6644.17979851637 -399.273636363278
-6644.17979851637 -399.273636363278
-6645.39183290061 -409.020412870229
-6645.39183290061 -409.020412870229
-6645.39183290061 -409.020412870229
-6644.38180424708 -399.273636363278
-6642.86676126667 -398.768622036513
-6644.28080138169 -399.021129199913
-6644.28080138169 -399.879653555433
-6642.91726269937 -400.889682208999
-6642.91726269937 -400.889682208999
-6706.24605927816 -392.960957278476
-6727.4566610031 -407.959882784003
-6727.4566610031 -407.959882784003
-6727.7091681665 -399.930154988127
-6727.5071624358 -408.111387082015
-6727.35565813778 -408.111387082015
-6727.5071624358 -408.212389947368
-6727.5071624358 -408.212389947368
-6873.20379571318 -428.816974480189
-6873.20379571318 -428.816974480189
-7152.98173275181 -506.084166478251
-7152.98173275181 -506.084166478251
-7152.98173275181 -506.084166478251
-7102.4297986407 -440.432303996226
-6872.19376705958 -428.917977345542
-6872.19376705958 -428.917977345542
-6727.60816530118 -408.363894245416
-6727.7596695992 -408.515398543463
-6727.7596695992 -408.515398543463
-6725.23459796526 -397.859596248299
-6725.23459796526 -397.859596248299
-6598.22349477895 -386.648278193675
-6644.02829421829 -398.66761917116
-6643.77578705488 -401.546200833813
-6643.92729135297 -397.00107189278
-6644.53330854509 -399.677647824726
-6644.53330854509 -399.677647824726
-6693.62070110856 -392.304438653663
-6727.7596695992 -407.454868457202
-6664.22886728969 -544.818765342617
-6676.95522832469 -728.896487455615
-6663.21883863609 -561.231730963123
-6725.99211945546 -519.063034676608
-6725.99211945546 -519.063034676608
-6792.85601632173 -525.274710896057
-6792.85601632173 -525.274710896057
-6949.71346622101 -536.132518921927
-6949.71346622101 -536.132518921927
-6949.71346622101 -536.132518921927
-6949.71346622101 -536.132518921927
-6792.24999912961 -525.93122952087
-6792.24999912961 -525.93122952087
-6792.24999912961 -525.93122952087
