672
-6362.19581211039 -479.420156573775
-7822.29767968273 319.674353895837
-8378.04187889069 443.047302396273
-8067.9117147704 382.492690058658
-6257.49858517263 -170.421854366687
-6109.79060554591 -480.552018486579
-6174.87266553433 -44.2192510844439
-6174.87266553433 -44.2192510844439
-6705.7159026598 782.605876249866
-6230.33389926373 366.646623279003
-7243.9162422179 -142.125306545789
-7683.07866440264 -1345.86045085782
-5623.65591397839 -1326.61879833976
-5179.40011318583 -447.162092057862
167.515563101791 514.920533861925
1896.43463497448 196.867336352005
9992.64289756657 -169.289992453884
9991.51103565337 -169.855923410486
9991.51103565337 -172.119647236094
9991.51103565337 -172.685578192295
9991.51103565337 -173.251509148898
9991.51103565337 -173.251509148898
9992.07696660997 -173.251509148898
9992.07696660997 -173.817440105501
9992.07696660997 -173.817440105501
9992.07696660997 -173.817440105501
9990.94510469677 -173.251509148898
9990.94510469677 -172.119647236094
9991.51103565337 -172.119647236094
9991.51103565337 -172.119647236094
9991.51103565337 -172.119647236094
9991.51103565337 -172.119647236094
9991.51103565337 -172.119647236094
9991.51103565337 -172.119647236094
9991.51103565337 -172.685578192295
9990.94510469677 -172.119647236094
9990.94510469677 -172.119647236094
9990.94510469677 -172.119647236094
9991.51103565337 -172.119647236094
9991.51103565337 -172.119647236094
9991.51103565337 -172.119647236094
9991.51103565337 -172.119647236094
9990.94510469677 -172.119647236094
9990.94510469677 -172.119647236094
9994.90662139218 -171.553716279491
9994.90662139218 -171.553716279491
9994.90662139218 -172.685578192295
9993.77475947898 -173.251509148898
9993.20882852318 -172.685578192295
9992.64289756657 -172.685578192295
9990.94510469677 -173.251509148898
9989.24731182776 -172.119647236094
9988.68138087116 -172.119647236094
9988.68138087116 -172.119647236094
9989.24731182776 -172.119647236094
9989.24731182776 -173.251509148898
9994.90662139218 -176.647094887309
9994.34069043558 -177.213025843912
9994.34069043558 -177.213025843912
9994.34069043558 -176.647094887309
9898.69835880024 -131.37261837355
8166.38370118875 -58.9334559512949
4585.17260894174 -426.222646669988
3564.23316355415 -494.700292397229
1537.06847764581 -656.556545934198
-4990.37917374077 -466.969675532531
7976.79683078628 -1384.90968685136
7976.79683078628 -1385.47561780756
7976.79683078628 -1385.47561780756
7810.9790605547 -749.935153744328
4605.54612337301 -915.186993019709
3161.85625353733 -531.485804564758
-4001.13186191248 -476.024570835363
-4670.06225240484 -2348.69010564016
-4670.62818336144 -2349.25603659636
-4670.62818336144 -2349.82196755296
-4670.06225240484 -2350.38789850916
-4670.06225240484 -2349.82196755296
-4670.06225240484 -2350.38789850916
-4670.06225240484 -2349.82196755296
-4670.06225240484 -2349.82196755296
-4670.06225240484 -2349.25603659636
-4669.49632144823 -2349.25603659636
-4670.06225240484 -2349.25603659636
-1588.56819467979 -2704.66067723041
4244.48217317454 -2589.21076212
4398.98132427808 -2043.08738917148
4398.41539332228 -2043.08738917148
4396.71760045248 -2041.95552725868
4396.15166949668 -2041.38959630207
4395.58573854007 -2041.38959630207
4395.58573854007 -2041.38959630207
4395.01980758347 -2041.38959630207
4394.45387662687 -2040.82366534587
4394.45387662687 -2040.82366534587
4394.45387662687 -2040.82366534587
4394.45387662687 -2041.38959630207
4393.88794567027 -2040.82366534587
4419.35483870935 -2046.48297490989
4392.19015280126 -2037.99401056366
4418.22297679695 -2054.40600829992
4425.01414827378 -2032.33470099964
4384.83305036784 -2097.41676098807
3357.66836445922 -2140.99344463282
3358.80022637242 -2140.99344463282
3322.01471420449 -2162.4988209769
3327.10809281231 -2160.23509715129
3329.93774759452 -2172.68557819254
3335.59705715894 -2151.74613280466
3367.85512167485 -2137.03192793781
4912.28070175449 -2155.14171854347
9885.6819468024 -538.842906998184
9989.24731182776 -162.498820976659
9989.81324278436 -161.932890020458
9989.81324278436 -161.932890020458
9989.24731182776 -161.366959063855
9989.24731182776 -161.366959063855
9989.24731182776 -161.366959063855
9989.24731182776 -161.366959063855
9989.24731182776 -161.366959063855
9988.68138087116 -161.366959063855
9990.37917374097 -164.196613846066
9989.81324278436 -162.498820976659
9989.81324278436 -161.932890020458
9989.24731182776 -161.366959063855
9988.68138087116 -160.235097151051
9988.68138087116 -160.235097151051
9988.11544991536 -160.801028107654
9987.54951895876 -159.669166194851
9986.98358800215 -159.103235238248
9987.54951895876 -160.801028107654
9985.85172608895 -159.669166194851
9985.28579513315 -159.669166194851
9985.85172608895 -160.235097151051
9985.28579513315 -160.235097151051
9985.28579513315 -160.235097151051
9984.71986417655 -160.235097151051
9981.32427843773 -166.460337671673
9982.45614035094 -165.328475758869
9983.58800226334 -165.328475758869
9985.28579513315 -164.762544802668
9988.11544991536 -163.630682889865
9988.11544991536 -163.064751933262
9988.68138087116 -163.630682889865
9990.37917374097 -163.064751933262
9990.37917374097 -162.498820976659
9990.37917374097 -162.498820976659
9989.81324278436 -162.498820976659
9989.81324278436 -162.498820976659
8671.76004527432 -75.3454536875525
4492.92586304441 394.3772401437
3097.3401245047 -166.460337671673
1544.99151103584 -656.556545934198
1897.00056593108 -572.798764383905
1887.94567062784 -538.276976041983
-7573.85398981286 -711.451848707392
-6689.86983587975 -1353.78348424785
-6683.64459535872 -1347.55824372723
-5620.82625919618 -895.37940954504
-7837.57781550619 1398.90468779504
-7803.62195812047 2491.71736464828
-8433.50311262008 2500.20632899491
-6750.99037917356 1992.00033012672
-7010.75268817147 978.983918128757
-8401.81097905997 978.983918128757
-7832.48443689837 1159.51589322799
-7202.03735144295 845.990143369289
-7202.03735144295 845.990143369289
-5327.10809281255 370.042209017414
-1823.42954159602 433.426476136837
103.565365025766 541.519288813819
-2171.47707979584 -378.118515374018
9989.24731182776 -170.98778532329
9988.11544991536 -172.119647236094
9988.11544991536 -172.685578192295
9988.68138087116 -172.685578192295
9989.24731182776 -172.685578192295
9989.24731182776 -172.119647236094
9989.81324278436 -172.119647236094
9990.37917374097 -172.119647236094
9990.37917374097 -172.119647236094
9990.37917374097 -172.119647236094
9990.37917374097 -172.119647236094
9990.37917374097 -172.685578192295
9990.37917374097 -172.685578192295
9990.37917374097 -172.685578192295
9990.37917374097 -172.685578192295
9990.37917374097 -172.685578192295
9990.37917374097 -172.685578192295
9989.81324278436 -172.119647236094
9989.81324278436 -172.119647236094
9989.81324278436 -172.119647236094
9989.81324278436 -171.553716279491
9989.24731182776 -171.553716279491
9989.24731182776 -171.553716279491
9989.24731182776 -171.553716279491
9989.24731182776 -171.553716279491
9989.24731182776 -171.553716279491
9989.24731182776 -171.553716279491
9988.68138087116 -170.98778532329
9989.24731182776 -170.98778532329
9989.24731182776 -170.98778532329
9988.68138087116 -171.553716279491
9988.68138087116 -170.98778532329
9988.68138087116 -171.553716279491
9988.68138087116 -170.98778532329
9989.24731182776 -171.553716279491
9989.24731182776 -171.553716279491
9989.24731182776 -171.553716279491
9989.24731182776 -171.553716279491
9989.24731182776 -171.553716279491
9989.24731182776 -171.553716279491
9989.81324278436 -171.553716279491
9989.81324278436 -171.553716279491
9989.81324278436 -171.553716279491
9989.24731182776 -171.553716279491
9989.24731182776 -171.553716279491
9989.24731182776 -170.98778532329
9989.24731182776 -170.98778532329
9989.24731182776 -170.98778532329
9989.24731182776 -170.98778532329
9988.68138087116 -170.98778532329
9988.68138087116 -170.98778532329
9988.68138087116 -170.98778532329
9988.68138087116 -170.98778532329
9988.68138087116 -170.98778532329
9988.68138087116 -170.98778532329
9988.68138087116 -170.98778532329
9988.68138087116 -170.98778532329
9988.68138087116 -170.98778532329
9988.68138087116 -171.553716279491
9989.24731182776 -171.553716279491
9988.68138087116 -171.553716279491
9988.68138087116 -172.119647236094
9988.68138087116 -172.119647236094
9988.68138087116 -172.685578192295
9988.68138087116 -173.251509148898
9988.68138087116 -173.251509148898
9988.68138087116 -173.817440105501
9988.68138087116 -173.817440105501
8003.39558573857 -42.5214582150372
4436.33276740262 -435.843472929423
1713.63893604963 -538.842906998184
-162.988115449773 -345.860450858106
-3229.20203735137 -365.668034332775
-3277.30616864734 -404.151339369711
-3276.74023769073 -404.151339369711
-1196.37804187861 -401.887615544104
-615.732880588164 -740.314327484893
-615.732880588164 -739.748396528692
-615.732880588164 -738.616534615888
-615.732880588164 -737.484672703085
-615.166949632367 -737.484672703085
-615.166949632367 -737.484672703085
-615.166949632367 -737.484672703085
-615.166949632367 -738.050603659285
-615.166949632367 -738.050603659285
-615.166949632367 -738.050603659285
-668.364459536153 -1220.78970948838
2499.7170345218 -1367.9317581585
3913.41256366717 -948.576919448827
4204.3010752686 -638.446755328936
4194.11431805296 -576.760281078517
5782.68251273315 -78.7410394263659
8374.64629315188 -210.60295227303
8651.95246179965 -749.369222787725
9986.98358800215 -173.251509148898
9986.98358800215 -173.817440105501
9986.41765704555 -173.817440105501
9986.41765704555 -173.817440105501
9986.41765704555 -173.817440105501
9986.41765704555 -173.251509148898
9986.98358800215 -173.251509148898
9986.98358800215 -173.251509148898
9987.54951895876 -173.251509148898
9987.54951895876 -173.251509148898
9987.54951895876 -173.251509148898
9987.54951895876 -173.251509148898
9988.11544991536 -173.251509148898
9988.11544991536 -173.251509148898
9988.11544991536 -172.685578192295
9988.11544991536 -172.685578192295
9988.11544991536 -172.685578192295
9988.11544991536 -172.685578192295
9988.11544991536 -172.685578192295
9988.11544991536 -172.685578192295
9988.11544991536 -172.685578192295
9876.06112054336 766.193878513608
9876.06112054336 766.193878513608
9875.49518958676 765.627947557407
9874.36332767356 766.193878513608
9874.36332767356 766.193878513608
9873.79739671776 765.627947557407
9873.79739671776 765.627947557407
9873.79739671776 765.627947557407
9873.23146576115 766.193878513608
9987.54951895876 -170.98778532329
9989.24731182776 -172.685578192295
9988.11544991536 -172.685578192295
9988.68138087116 -172.685578192295
9989.24731182776 -172.685578192295
9989.81324278436 -172.685578192295
9989.81324278436 -172.685578192295
9989.81324278436 -172.685578192295
9989.81324278436 -172.685578192295
9989.24731182776 -172.685578192295
9988.68138087116 -172.685578192295
9988.68138087116 -172.685578192295
9988.68138087116 -172.685578192295
9988.68138087116 -172.685578192295
9989.24731182776 -172.685578192295
9989.24731182776 -172.685578192295
9989.24731182776 -172.685578192295
9989.24731182776 -172.685578192295
9989.24731182776 -172.685578192295
9989.24731182776 -172.685578192295
9989.24731182776 -172.685578192295
9989.24731182776 -172.685578192295
9989.24731182776 -172.119647236094
9989.24731182776 -172.119647236094
9989.24731182776 -172.119647236094
9988.68138087116 -172.119647236094
9988.68138087116 -172.119647236094
9988.68138087116 -172.119647236094
9988.68138087116 -172.119647236094
9988.68138087116 -172.119647236094
9988.11544991536 -172.119647236094
9988.11544991536 -172.119647236094
9988.11544991536 -172.685578192295
9988.11544991536 -172.119647236094
9988.11544991536 -172.119647236094
9988.11544991536 -172.119647236094
9988.11544991536 -172.119647236094
9988.11544991536 -172.119647236094
9988.11544991536 -172.119647236094
9988.11544991536 -171.553716279491
9988.11544991536 -171.553716279491
9988.11544991536 -171.553716279491
9987.54951895876 -171.553716279491
9987.54951895876 -171.553716279491
9987.54951895876 -171.553716279491
9987.54951895876 -171.553716279491
9987.54951895876 -171.553716279491
9987.54951895876 -172.119647236094
9987.54951895876 -171.553716279491
9988.11544991536 -171.553716279491
9988.11544991536 -171.553716279491
9988.11544991536 -171.553716279491
9988.11544991536 -171.553716279491
9988.11544991536 -171.553716279491
9988.11544991536 -171.553716279491
9988.11544991536 -170.98778532329
9988.11544991536 -170.98778532329
9988.11544991536 -170.421854366687
9988.11544991536 -170.421854366687
9988.11544991536 -170.421854366687
9988.11544991536 -170.421854366687
9988.11544991536 -170.421854366687
9988.11544991536 -170.421854366687
9988.11544991536 -170.421854366687
9988.11544991536 -170.421854366687
9988.11544991536 -169.855923410486
9988.11544991536 -169.855923410486
9988.11544991536 -169.855923410486
9988.11544991536 -169.855923410486
9988.11544991536 -169.855923410486
9988.11544991536 -170.421854366687
9987.54951895876 -170.421854366687
9987.54951895876 -170.421854366687
9988.11544991536 -170.421854366687
9987.54951895876 -170.421854366687
9987.54951895876 -170.98778532329
9983.02207130754 -160.801028107654
9985.85172608895 -166.460337671673
9986.98358800215 -165.894406715472
9988.68138087116 -165.328475758869
9989.24731182776 -165.328475758869
9988.68138087116 -165.328475758869
9988.68138087116 -165.328475758869
9988.68138087116 -165.894406715472
9988.68138087116 -165.894406715472
9989.81324278436 -167.026268628276
9990.94510469677 -168.15813054108
9991.51103565337 -169.289992453884
9992.07696660997 -169.855923410486
9992.07696660997 -170.421854366687
9992.07696660997 -170.421854366687
9992.64289756657 -170.98778532329
9992.64289756657 -170.98778532329
9992.64289756657 -170.98778532329
9992.64289756657 -170.98778532329
9992.64289756657 -170.98778532329
9992.64289756657 -171.553716279491
9993.20882852318 -171.553716279491
9992.64289756657 -171.553716279491
9996.60441426119 -177.213025843912
9993.77475947898 -176.081163931108
9992.07696660997 -174.383371061701
9991.51103565337 -173.817440105501
9991.51103565337 -173.251509148898
9991.51103565337 -173.251509148898
9996.60441426119 -196.45467836238
9990.94510469677 -174.949302018304
9989.81324278436 -175.515232974505
9989.24731182776 -174.383371061701
9989.81324278436 -173.817440105501
9989.81324278436 -173.251509148898
9990.37917374097 -172.685578192295
9989.81324278436 -172.685578192295
9989.81324278436 -172.685578192295
9989.81324278436 -172.685578192295
9989.81324278436 -172.685578192295
9989.81324278436 -172.685578192295
9989.24731182776 -172.119647236094
9989.24731182776 -172.119647236094
9992.07696660997 -184.570128277337
9991.51103565337 -178.344887756716
9992.07696660997 -177.213025843912
9991.51103565337 -177.213025843912
9991.51103565337 -177.778956800113
9992.07696660997 -177.213025843912
9992.64289756657 -176.081163931108
9992.64289756657 -175.515232974505
9992.07696660997 -175.515232974505
9992.64289756657 -175.515232974505
9992.64289756657 -174.949302018304
9992.64289756657 -174.949302018304
9992.64289756657 -174.949302018304
9983.58800226334 -172.685578192295
9986.41765704555 -173.817440105501
9987.54951895876 -174.949302018304
9988.68138087116 -174.949302018304
9989.24731182776 -174.949302018304
9989.81324278436 -174.949302018304
9989.81324278436 -174.949302018304
9990.37917374097 -175.515232974505
9990.37917374097 -176.081163931108
9989.81324278436 -176.081163931108
9990.37917374097 -176.081163931108
9990.37917374097 -175.515232974505
9990.37917374097 -175.515232974505
9990.94510469677 -174.949302018304
9991.51103565337 -174.383371061701
9991.51103565337 -173.817440105501
9992.07696660997 -173.817440105501
9992.07696660997 -173.817440105501
9992.07696660997 -173.817440105501
9992.07696660997 -173.817440105501
9992.64289756657 -173.817440105501
9992.64289756657 -173.251509148898
9992.64289756657 -173.251509148898
9992.07696660997 -173.251509148898
9992.07696660997 -172.685578192295
9992.07696660997 -172.685578192295
9991.51103565337 -172.119647236094
9991.51103565337 -172.119647236094
9990.94510469677 -172.119647236094
9990.37917374097 -171.553716279491
9990.37917374097 -170.98778532329
9990.37917374097 -170.98778532329
9990.37917374097 -170.98778532329
9990.37917374097 -170.421854366687
9990.37917374097 -170.421854366687
9990.37917374097 -170.421854366687
9990.37917374097 -170.98778532329
9990.94510469677 -170.98778532329
9990.94510469677 -170.98778532329
9990.94510469677 -170.98778532329
9991.51103565337 -171.553716279491
9991.51103565337 -171.553716279491
9991.51103565337 -171.553716279491
9992.07696660997 -171.553716279491
9992.07696660997 -170.98778532329
9992.64289756657 -170.98778532329
9992.07696660997 -171.553716279491
9992.64289756657 -171.553716279491
9992.07696660997 -171.553716279491
9992.07696660997 -171.553716279491
9992.07696660997 -171.553716279491
9991.51103565337 -170.98778532329
9991.51103565337 -170.98778532329
9991.51103565337 -170.98778532329
9991.51103565337 -170.98778532329
9991.51103565337 -171.553716279491
9991.51103565337 -171.553716279491
9990.94510469677 -171.553716279491
9990.94510469677 -171.553716279491
9990.94510469677 -171.553716279491
9990.94510469677 -171.553716279491
9990.94510469677 -172.119647236094
9990.94510469677 -172.119647236094
9990.94510469677 -172.119647236094
9990.94510469677 -172.119647236094
9990.94510469677 -172.119647236094
9990.94510469677 -172.119647236094
9991.51103565337 -172.119647236094
9990.94510469677 -172.119647236094
9991.51103565337 -172.119647236094
9991.51103565337 -172.119647236094
9991.51103565337 -172.685578192295
9990.94510469677 -172.685578192295
9990.94510469677 -172.685578192295
9990.94510469677 -173.251509148898
9990.94510469677 -173.251509148898
9990.94510469677 -173.817440105501
9990.94510469677 -173.817440105501
9990.37917374097 -173.817440105501
9993.20882852318 -169.855923410486
9992.64289756657 -169.855923410486
9992.64289756657 -169.855923410486
9993.20882852318 -169.289992453884
9993.20882852318 -169.289992453884
9993.20882852318 -169.289992453884
9992.64289756657 -169.855923410486
9881.15449915118 727.144642520471
9436.89869835862 2679.60644218094
8951.32993774771 4801.28159781181
8853.98981324257 4861.27027919282
8997.73627617387 4843.16048858716
9061.12054329329 4822.78697415589
9061.12054329329 4822.78697415589
9061.12054329329 4822.22104319969
9060.5546123375 4821.65511224308
9060.5546123375 4821.65511224308
9060.5546123375 4822.78697415589
9061.12054329329 4823.35290511249
9061.12054329329 4823.35290511249
9061.12054329329 4823.35290511249
9060.5546123375 4823.35290511249
9047.53820033965 4825.6166289381
9054.89530277307 4823.91883606869
9062.2524052065 4820.52325033028
9061.68647424989 4819.39138841748
9062.2524052065 4819.95731937408
9062.2524052065 4821.08918128688
8859.64912280699 4861.27027919282
8864.1765704582 4856.74283154161
8862.4787775892 4861.83621014943
8862.4787775892 4861.83621014943
8861.34691567599 4864.66586493123
8860.21505376359 4866.36365780064
8860.21505376359 4866.36365780064
8860.21505376359 4865.79772684404
8860.21505376359 4865.79772684404
9058.29088851188 4825.6166289381
9058.29088851188 4825.0506979819
9059.42275042429 4825.0506979819
9059.98868138089 4825.6166289381
9060.5546123375 4825.0506979819
9061.12054329329 4825.6166289381
9061.12054329329 4825.6166289381
9061.12054329329 4825.6166289381
9061.12054329329 4825.6166289381
9061.12054329329 4825.0506979819
9061.12054329329 4825.0506979819
9061.12054329329 4825.0506979819
9065.08205998871 4805.80904546343
9065.08205998871 4810.90242407125
9151.10356536501 3187.81244104913
9898.69835880024 -88.3618656853989
9993.77475947898 -168.15813054108
9992.07696660997 -168.724061497683
9992.07696660997 -169.289992453884
9992.64289756657 -169.289992453884
9993.20882852318 -169.289992453884
9993.77475947898 -169.289992453884
9993.77475947898 -169.855923410486
9993.77475947898 -169.855923410486
9993.77475947898 -169.855923410486
9993.77475947898 -169.855923410486
9993.77475947898 -170.421854366687
9993.77475947898 -170.421854366687
9993.20882852318 -170.421854366687
9993.20882852318 -170.421854366687
9993.20882852318 -170.421854366687
9992.64289756657 -170.98778532329
9992.64289756657 -170.98778532329
9992.07696660997 -171.553716279491
9992.07696660997 -171.553716279491
9992.07696660997 -171.553716279491
9992.07696660997 -171.553716279491
9992.07696660997 -171.553716279491
9991.51103565337 -171.553716279491
9991.51103565337 -171.553716279491
9991.51103565337 -171.553716279491
9991.51103565337 -171.553716279491
9991.51103565337 -171.553716279491
9991.51103565337 -171.553716279491
9991.51103565337 -170.98778532329
9991.51103565337 -171.553716279491
9991.51103565337 -171.553716279491
9990.94510469677 -171.553716279491
9990.94510469677 -171.553716279491
9990.94510469677 -171.553716279491
9990.94510469677 -171.553716279491
9990.94510469677 -171.553716279491
9990.94510469677 -171.553716279491
9991.51103565337 -171.553716279491
9991.51103565337 -172.119647236094
9992.07696660997 -171.553716279491
10000 -171.553716279491
9999.4340690434 -171.553716279491
9996.60441426119 -172.119647236094
9996.03848330458 -172.685578192295
9996.03848330458 -173.251509148898
9996.03848330458 -173.251509148898
9995.47255234879 -173.251509148898
9994.90662139218 -173.817440105501
9994.90662139218 -174.383371061701
9994.90662139218 -174.383371061701
9994.90662139218 -174.383371061701
9994.90662139218 -173.817440105501
9994.90662139218 -173.817440105501
9994.34069043558 -173.817440105501
9994.34069043558 -173.817440105501
9994.34069043558 -173.817440105501
9993.77475947898 -173.251509148898
9993.77475947898 -172.685578192295
9993.77475947898 -172.685578192295
9993.20882852318 -172.685578192295
9993.20882852318 -172.685578192295
9993.20882852318 -172.685578192295
9993.20882852318 -173.251509148898
9993.20882852318 -173.251509148898
9993.20882852318 -173.251509148898
9993.20882852318 -173.251509148898
9993.20882852318 -173.251509148898
9993.20882852318 -173.251509148898
9993.20882852318 -173.817440105501
9993.20882852318 -173.817440105501
9993.20882852318 -173.817440105501
9993.20882852318 -173.251509148898
9993.20882852318 -173.251509148898
9993.20882852318 -173.251509148898
9993.77475947898 -173.251509148898
9993.77475947898 -173.251509148898
9993.77475947898 -173.251509148898
9993.77475947898 -173.251509148898
9993.77475947898 -173.251509148898
9993.20882852318 -173.251509148898
9993.20882852318 -173.251509148898
9993.20882852318 -173.817440105501
9992.64289756657 -173.817440105501
9992.64289756657 -173.817440105501
9992.64289756657 -173.817440105501
9992.07696660997 -173.817440105501
9992.07696660997 -174.383371061701
9991.51103565337 -174.383371061701
9991.51103565337 -174.383371061701
9882.85229202019 -533.749528390366
5409.16808149424 -189.663506885155
2792.86926994883 -556.386766647647
285.795132994008 -235.503914355517
-2267.68534238778 -365.668034332775
-8625.91963780396 -446.030230145059
-9104.13129598144 -661.083993585815
-8885.68194680187 -649.765374457375
-8885.68194680187 -649.765374457375
-10000 -1342.46486511941
-7205.99886813756 -1742.57805131062
-4844.93491793965 -6168.7240614972
-4933.78607809817 -6715.97929635853
-6366.72325976241 -4324.92100547031
-4822.86361063938 -4837.08852103351
-5776.45727221293 -2756.16039426479
-5577.24957555143 -1285.30583852061
-8734.57838143714 927.484201094376
-8735.14431239375 644.51872288258
-7311.82795698934 129.521552537568
-5530.27730616867 -588.078900207359
-5195.81211092249 -486.211328050999
-3391.05829088834 338.350075457703
