100
-922.369006976394 3325.902544481
-944.337242096108 4370.87805286762
-944.337242096108 4370.87805286762
-652.219088614575 2679.32394866663
-3289.00103903758 2806.38347070934
-3270.59522042401 3548.55357609724
-3293.15719162822 2491.70334602444
-4220.57295532117 2380.67469825856
-3286.03235861677 2407.98655813666
-1225.76814605919 2926.31815973974
-1840.87872940439 2932.25552058304
-1047.05358468153 2701.29218378634
-293.602493691093 3008.25373937487
-293.602493691093 3008.25373937487
2207.80762950917 2923.34947931851
4029.38993617325 2539.20223276959
7597.74380287985 -178.921561204038
9760.13062193919 -805.313130151766
9761.91183019184 -804.719394067267
9762.50556627634 -803.531921898691
9762.50556627634 -804.12565798319
9761.91183019184 -802.938185814614
9761.91183019184 -801.156977561538
9761.91183019184 -799.969505392962
9761.91183019184 -799.375769308463
9761.91183019184 -798.782033224386
9764.88051061349 -779.782478526325
9764.88051061349 -779.782478526325
9764.88051061349 -785.126103285128
9764.286774529 -786.907311538203
9764.286774529 -795.219616718658
9764.286774529 -794.03214454966
9763.6930384445 -794.03214454966
9763.6930384445 -794.03214454966
9762.50556627634 -816.59411575345
9764.88051061349 -805.313130151766
9767.25545495065 -805.313130151766
9762.50556627634 -806.500602320342
9761.31809410734 -808.875546657494
9760.13062193919 -792.844672381084
9761.91183019184 -786.907311538203
9761.91183019184 -804.12565798319
9767.25545495065 -794.625880634159
9765.474246698 -799.969505392962
9764.88051061349 -797.000824971311
9764.286774529 -798.782033224386
9763.6930384445 -798.782033224386
9760.13062193919 -805.313130151766
9754.78699718039 -795.813352802735
9756.56820543304 -796.407088887234
9755.38073326404 -819.562796175101
9758.34941368569 -811.250490994646
9755.38073326404 -807.688074488918
9755.38073326404 -807.688074488918
9757.7556776012 -810.656754910569
9769.6303992878 -798.782033224386
9769.0366632033 -798.188297139887
9767.25545495065 -798.782033224386
9767.84919103515 -799.375769308463
9755.97446934854 -778.00127027325
9758.94314977019 -810.06301882607
9758.94314977019 -809.469282741993
9758.34941368569 -808.281810573417
9744.69348374644 -797.59456105581
9755.38073326404 -804.719394067267
9739.34985898763 -789.875991959855
9764.88051061349 -798.782033224386
9760.72435802285 -800.56324147704
9763.09930236 -818.969060091024
9760.13062193919 -809.469282741993
9758.94314977019 -806.500602320342
9758.34941368569 -804.719394067267
9772.00534362495 -791.657200212508
9760.72435802285 -807.688074488918
9763.6930384445 -806.500602320342
9764.286774529 -804.719394067267
9763.09930236 -803.531921898691
9763.09930236 -805.313130151766
9763.09930236 -806.500602320342
9763.09930236 -807.688074488918
9764.88051061349 -840.343559126237
9763.6930384445 -824.312684849827
9764.286774529 -805.313130151766
9760.72435802285 -797.000824971311
9761.91183019184 -800.56324147704
9755.38073326404 -802.344449730115
9755.97446934854 -801.750713646038
9831.97268814079 -804.12565798319
7848.89416654361 1212.20208433539
5352.23393201765 2403.83040554685
3032.50705061586 2835.47653884051
908.713077037137 2956.59870003991
-651.03161644642 2602.73199379073
-1793.37984265966 2476.85994391702
-5386.67062490678 2401.45546120928
-4542.37791301753 578.091946291702
-4259.75953688545 1067.33047976362
3383.99881252788 2723.26041890564
5836.72257681442 2382.45590651164
5836.72257681442 2382.45590651164
