100
1142.44628380746 -1173.8555220348
1140.87871152602 -1064.26796889751
1045.11429578058 -923.756489842522
1060.93252516706 -862.051144577944
946.214735472066 -1074.38593544211
943.507110622071 -1366.52440609404
1079.03085969045 -1361.10915639415
1210.84943791137 -1201.07427710534
1400.81069712062 -1198.22414568425
1400.81069712062 -1198.22414568425
1438.14741873575 -1194.09145512381
1131.04575812351 -1194.80398797908
671.319559917158 -1185.11354114776
548.763908814368 -1142.64658297493
742.287832299971 -929.599259255593
926.97634838032 -848.228007186188
1132.61333040515 -841.530198346851
1218.11727303499 -904.518102750777
1284.66784171528 -919.196279568901
1282.95776286254 -883.712143377494
1142.44628380746 -943.564903218445
592.940945839835 -936.582081237019
365.642965015457 -918.483746713628
389.156549238634 -910.360872163848
388.159003241375 -672.232391939696
603.913951810704 -642.306012019271
604.76899123687 -495.951763551217
593.225958981822 -377.528803008866
524.680298307014 -354.870258211956
391.29414780445 -445.789450541686
72.5069483660645 -330.074114849329
71.3668957977097 -222.339147135759
20.4920499330074 -134.697605940099
67.0916986662778 -230.46202168554
281.849101238146 -199.680602338849
341.844367650092 -166.476571284252
528.670482296257 -101.06605517242
528.670482296257 -101.06605517242
614.031918355207 -91.8031280541836
739.580207449977 -222.481653706753
863.703430834203 -567.20504907612
868.976173963098 -710.994179265275
983.266443945011 -706.00644927847
996.662061623685 -757.166308285362
985.546549081721 -926.464114692415
989.251719929176 -935.727041810652
987.541641076443 -1059.56525205289
1039.41403293861 -1283.87059488518
1079.45837940353 -1303.39399511902
1074.89816912991 -1204.4944348105
1077.748300551 -1240.1210775729
1171.66013087281 -1198.79417196852
1564.55074725689 -1280.30793060892
1668.86555726519 -1375.64482664118
1836.31077824872 -1110.58260448869
1928.22751657581 -1081.36875742353
1935.78036484142 -1223.59031533115
2014.44399206093 -1267.48233921443
2311.57019269956 -1284.72563431145
2239.60437431949 -926.036594979333
2395.22154990578 -920.193825566262
2380.11585337457 -802.625904450278
2381.39841251402 -699.878666723412
2333.94372435439 -660.546853113655
2333.94372435439 -660.546853113655
2177.32900277063 -564.212411084037
2171.20122021557 -464.03029163607
2146.54758342404 -513.622578361424
2023.13689289489 -323.803825723176
2067.31392992035 -202.815746901925
2212.52812581995 -197.543003773032
2244.307091164 -346.747383662175
2362.30253199317 -322.093746870543
2422.01278526313 -311.548260612856
2312.14021898374 -413.867978626539
2193.4322452993 -458.900055078272
2143.83995857405 -528.300755179548
2319.55056067825 -564.354917655031
2473.03013769892 -564.212411084037
2522.33741128219 -563.784891370854
2625.36966215104 -562.929851944588
2674.10690945013 -611.239579530492
3118.44239798308 -638.315828029928
3124.28516739616 -640.738439737733
3152.64397503514 -593.996284433468
2995.60173373831 -713.274284402086
3079.11058437343 -820.724238973567
3134.83065365394 -816.591548413129
2843.97474214146 -820.866745544561
2930.33372419747 -823.146850681371
3161.05186272711 -819.584186405111
3144.80611362735 -869.31897970156
3246.27079221477 -814.596456418407
3246.27079221477 -814.596456418407
3517.31829035133 -802.198384737094
3517.60330349352 -801.913371595006
3714.68989125528 -813.171390707964
3766.13476340416 -847.230461188827
3976.75947541569 -810.46376585797
4260.77507151784 -842.8127574863
