100
6164.50700279866 38.6888661958335
6043.20947512749 48.3575097058186
6042.33050753539 48.9434881003443
5892.32003853141 74.7265374605128
5890.85509254499 76.7774618414566
5727.36712046589 82.6372457869211
5724.43722849347 84.3951809704979
5691.32944920142 90.840943310488
5669.35525940598 88.7900189295442
5640.05633967845 85.5671377595492
5559.77729962532 84.102191773131
5559.77729962532 84.102191773131
5558.01936444153 84.102191773131
5549.5226777208 84.3951809704979
5479.79124876955 82.0512673923954
5477.44733519145 84.9811593650236
5202.91645734568 80.0003430114516
5018.91924145755 77.6564294331409
5004.56277079115 78.2424078276666
4997.23804085948 78.5353970250335
4997.23804085948 76.7774618414566
4994.89412728138 73.2615914740946
4994.30814888664 28.7272334884815
4996.94505166211 -91.3983373938523
4994.01515968927 -92.8632833802705
4986.6904297576 -93.1562725774292
4931.02248227538 -94.3282293666886
4921.64682796296 -94.6212185638473
4890.29698385428 -96.0861645502655
4884.43719990903 -96.6721429447911
4868.32279405884 -98.7230673257349
4865.97888048074 -104.582851271199
4871.25268603168 -179.295096576027
4871.25268603168 -179.295096576027
4871.25268603168 -181.053031759604
4873.88958880715 -243.752719976345
4869.78774004526 -245.217665962763
4834.62903637247 -240.822828003508
4832.28512279437 -242.287773989927
4832.87110118869 -246.97560114634
4831.69914439964 -252.542395894437
4828.47626322985 -255.472287867274
4819.97957650871 -255.472287867274
4819.97957650871 -255.472287867274
4819.97957650871 -255.472287867274
4812.36185737967 -258.402179839902
4799.17734350232 -257.23022305085
4767.82749939405 -258.695169037269
4766.94853180237 -255.472287867274
4766.94853180237 -249.905493118968
4773.68728333931 -191.014664466956
4868.90877245358 -189.549718480538
4874.18257800452 -247.561579540865
4872.7176320181 -371.49600998772
4866.85784807242 -409.291616435976
4873.88958880715 -523.557403372845
4873.88958880715 -597.683670283148
4885.60915669808 -626.98259001047
4888.53904867091 -626.98259001047
4893.81285422185 -626.103622418786
4967.646131935 -615.263022119541
4974.38488347194 -618.192914092377
5019.21223065492 -620.243838473321
5021.26315503607 -624.638676432367
5027.12293898133 -716.930273573589
5028.58788496774 -718.688208757374
5032.982722927 -720.153154743584
5085.13480004165 -718.395219560007
5121.46546050349 -719.860165546425
5121.46546050349 -719.860165546425
5122.93040648991 -723.669025110946
5121.46546050349 -724.547992702838
5121.46546050349 -724.547992702838
5121.46546050349 -724.547992702838
5130.54812561895 -736.267560593767
5132.01307160537 -730.114787450936
5142.85367190461 -755.311858416579
5144.31861789103 -755.897836811105
5170.68764564572 -761.757620756569
5175.96145119666 -764.101534334671
5218.15189560417 -763.222566742987
5219.03086319586 -765.273491123931
5219.90983078754 -787.247680919371
5219.90983078754 -789.005616102948
5222.83972276038 -790.470562089366
5222.54673356301 -791.935508075784
5220.49580918228 -791.935508075784
5215.5149928287 -820.941438605947
5052.9059883417 -840.278725625918
5044.70229081793 -842.329650006861
5039.42848526699 -845.259541979698
5037.96353928057 -921.436733270736
5040.89343125341 -974.174788780124
5035.91261489942 -976.518702358227
5029.46685255943 -977.10468075296
5029.46685255943 -977.10468075296
4904.94644371805 -980.620551120114
4786.87179721666 -992.340119011043
4669.09013991263 -1025.44789830309
4655.61263683792 -1028.37779027572
