1000
6164.50700279866 38.6888661958335
6043.20947512749 48.3575097058186
6042.33050753539 48.9434881003443
5892.32003853141 74.7265374605128
5890.85509254499 76.7774618414566
5727.36712046589 82.6372457869211
5724.43722849347 84.3951809704979
5691.32944920142 90.840943310488
5669.35525940598 88.7900189295442
5640.05633967845 85.5671377595492
5559.77729962532 84.102191773131
5559.77729962532 84.102191773131
5558.01936444153 84.102191773131
5549.5226777208 84.3951809704979
5479.79124876955 82.0512673923954
5477.44733519145 84.9811593650236
5202.91645734568 80.0003430114516
5018.91924145755 77.6564294331409
5004.56277079115 78.2424078276666
4997.23804085948 78.5353970250335
4997.23804085948 76.7774618414566
4994.89412728138 73.2615914740946
4994.30814888664 28.7272334884815
4996.94505166211 -91.3983373938523
4994.01515968927 -92.8632833802705
4986.6904297576 -93.1562725774292
4931.02248227538 -94.3282293666886
4921.64682796296 -94.6212185638473
4890.29698385428 -96.0861645502655
4884.43719990903 -96.6721429447911
4868.32279405884 -98.7230673257349
4865.97888048074 -104.582851271199
4871.25268603168 -179.295096576027
4871.25268603168 -179.295096576027
4871.25268603168 -181.053031759604
4873.88958880715 -243.752719976345
4869.78774004526 -245.217665962763
4834.62903637247 -240.822828003508
4832.28512279437 -242.287773989927
4832.87110118869 -246.97560114634
4831.69914439964 -252.542395894437
4828.47626322985 -255.472287867274
4819.97957650871 -255.472287867274
4819.97957650871 -255.472287867274
4819.97957650871 -255.472287867274
4812.36185737967 -258.402179839902
4799.17734350232 -257.23022305085
4767.82749939405 -258.695169037269
4766.94853180237 -255.472287867274
4766.94853180237 -249.905493118968
4773.68728333931 -191.014664466956
4868.90877245358 -189.549718480538
4874.18257800452 -247.561579540865
4872.7176320181 -371.49600998772
4866.85784807242 -409.291616435976
4873.88958880715 -523.557403372845
4873.88958880715 -597.683670283148
4885.60915669808 -626.98259001047
4888.53904867091 -626.98259001047
4893.81285422185 -626.103622418786
4967.646131935 -615.263022119541
4974.38488347194 -618.192914092377
5019.21223065492 -620.243838473321
5021.26315503607 -624.638676432367
5027.12293898133 -716.930273573589
5028.58788496774 -718.688208757374
5032.982722927 -720.153154743584
5085.13480004165 -718.395219560007
5121.46546050349 -719.860165546425
5121.46546050349 -719.860165546425
5122.93040648991 -723.669025110946
5121.46546050349 -724.547992702838
5121.46546050349 -724.547992702838
5121.46546050349 -724.547992702838
5130.54812561895 -736.267560593767
5132.01307160537 -730.114787450936
5142.85367190461 -755.311858416579
5144.31861789103 -755.897836811105
5170.68764564572 -761.757620756569
5175.96145119666 -764.101534334671
5218.15189560417 -763.222566742987
5219.03086319586 -765.273491123931
5219.90983078754 -787.247680919371
5219.90983078754 -789.005616102948
5222.83972276038 -790.470562089366
5222.54673356301 -791.935508075784
5220.49580918228 -791.935508075784
5215.5149928287 -820.941438605947
5052.9059883417 -840.278725625918
5044.70229081793 -842.329650006861
5039.42848526699 -845.259541979698
5037.96353928057 -921.436733270736
5040.89343125341 -974.174788780124
5035.91261489942 -976.518702358227
5029.46685255943 -977.10468075296
5029.46685255943 -977.10468075296
4904.94644371805 -980.620551120114
4786.87179721666 -992.340119011043
4669.09013991263 -1025.44789830309
4655.61263683792 -1028.37779027572
4640.96317697457 -1031.30768224856
4635.98236062058 -1034.82355261592
4634.51741463417 -1040.09735816686
4638.3262741991 -1108.07085193433
4641.25616617152 -1183.07608643653
4632.46649025343 -1217.35582251742
4608.14838687989 -1256.90936414946
4609.61333286589 -1307.30350608054
4619.28197637608 -1392.56336248724
4636.56833901532 -1451.1612019421
4645.35801493341 -1500.67637628128
4659.42149640244 -1632.52151505455
4672.02003188547 -1934.59337744406
4684.91155656545 -2091.3425979856
4686.37650255187 -2229.04752070433
4698.0960704428 -2458.16507297238
4715.08944388467 -2780.45318997376
4719.48428184392 -2869.81489514235
4734.13374170769 -3160.75316803526
4734.13374170769 -3161.92512482431
4737.06363368011 -3236.9303593265
4737.06363368011 -3238.98128370745
4747.90423397935 -3418.29067243916
4750.83412595219 -3427.95931594914
4751.12711514955 -3469.85677115929
4748.78320157104 -3472.78666313192
4743.80238521746 -3473.95861992118
4743.80238521746 -3473.95861992118
4559.80516932934 -3477.7674794857
4539.88190391505 -3481.57633905022
4538.709947126 -3484.50623102305
4539.88190391505 -3503.2575396485
4539.88190391505 -3507.94536680491
4548.96456903051 -3664.40159814908
4553.35940698935 -3667.33149012192
4564.78598568333 -3667.62447931908
4610.19931126062 -3667.62447931908
4629.24360908323 -3681.98094998548
4631.00154426701 -3689.30567991736
4638.03328500174 -3770.75667675954
4632.46649025343 -3775.15151471859
4604.33952731495 -3783.94119063689
4609.02735447157 -3819.97886190157
4609.61333286589 -3834.62832176534
4610.49230045799 -3840.19511651343
4614.00817082514 -3841.95305169722
4614.59414921988 -3838.73017052702
4612.54322483873 -3805.32940203781
4617.5240411923 -3803.57146685423
4624.26279272965 -3800.93456407876
4641.25616617152 -3800.6415748816
4635.39638222627 -3737.06291907297
4625.14176032176 -3677.00013363191
4597.89376497496 -3663.22964136003
4583.83028350593 -3661.47170617646
4551.60147180598 -3665.8665441355
4547.49962304409 -3661.76469537361
4542.81179588747 -3503.2575396485
4542.81179588747 -3501.20661526755
4541.34684990105 -3485.97117700926
4540.174893112 -3482.16231744474
4542.22581749315 -3480.69737145833
4548.08560143841 -3479.81840386664
4640.96317697457 -3477.18150109117
4640.96317697457 -3477.18150109117
4640.96317697457 -3477.18150109117
4753.17803953029 -3472.49367393476
4754.05700712197 -3468.39182517287
4752.29907193861 -3455.20731129552
4756.69390989744 -3422.68551039821
4762.55369384312 -3412.43088849349
4759.03782347596 -3354.71201663053
4750.24814755745 -3162.8040924162
4750.24814755745 -3162.8040924162
4750.24814755745 -3162.8040924162
4750.24814755745 -3162.8040924162
4731.20384973485 -2821.47167759201
4699.56101642922 -2146.13157787572
4698.0960704428 -2120.64151771292
4688.13443773565 -1985.86648696703
4686.66949174924 -1868.37781886017
4700.4399840209 -1866.91287287375
4715.96841147635 -1879.51140835657
4715.6754222794 -1884.49222471014
4691.06432970808 -1887.42211668298
4663.23035596738 -1883.90624631562
4663.23035596738 -1883.90624631562
4652.09676647077 -1884.78521390751
4541.34684990105 -1887.42211668298
4513.51287616036 -1882.4413003292
4498.27743790186 -1887.42211668298
4478.64716168452 -1888.88706266919
4471.02944255548 -1891.81695464202
4444.66041480078 -1895.62581420654
4425.03013858345 -1897.96972778486
4410.38067871968 -1897.09076019296
3859.56098784477 -1900.02065216559
2883.02799333107 -2124.15738808028
2550.48525442497 -2108.92194982199
2543.1605244933 -2105.99205784916
2299.9794907558 -1921.40886356671
2133.85461590164 -1697.27212765223
2072.32688447416 -1123.01330099525
2088.44129032392 -1090.7844892951
2087.56232273224 -1073.2051374587
2089.90623631034 -1070.27524548607
2097.23096624243 -1067.05236431587
2184.24875783251 -1027.7918118812
2259.83997072944 -995.563000181038
2353.59651385687 -958.646361324675
2357.11238422444 -958.060382930149
2358.87031940781 -962.455220889195
2358.57733021086 -965.971091256557
2361.50722218328 -967.436037242767
2360.92124378896 -971.244896807496
2360.33526539422 -975.053756372017
2360.92124378896 -976.518702358227
2364.43711415611 -1057.67671000325
2363.85113576179 -1068.51731030229
2366.1950493399 -1085.51068374416
2369.71091970705 -1087.5616081251
2389.34119592439 -1087.85459732247
2403.40467739342 -1090.49150009794
2414.24527769266 -1091.95644608415
2427.42979157001 -1090.49150009794
2435.63348909379 -1089.02655411152
2448.81800297113 -1086.09666213868
2471.67116035826 -1088.44057571699
2468.44827918847 -1113.34465748527
2490.42246898391 -1089.31954330889
2517.08448593597 -1089.02655411152
2525.5811726567 -1088.44057571699
2529.39003222122 -1089.02655411152
2754.4057357278 -1083.16677016605
2908.22506429671 -1078.18595381227
2912.32691305818 -1076.13502943154
2913.20588065028 -1071.74019147228
2921.11658897669 -982.964464698425
2921.11658897669 -982.964464698425
2917.60071860912 -981.499518712007
2914.08484824197 -982.085497106532
2908.22506429671 -985.308378276527
2902.07229115367 -988.238270249364
2890.64571246011 -987.359302657471
2885.37190690917 -982.085497106532
2884.78592851444 -978.56962673917
2886.83685289559 -964.799134467298
2886.83685289559 -941.067009488281
2882.44201493634 -936.086193134501
2885.37190690917 -934.035268753557
2893.28261523558 -933.742279556399
3153.45702241495 -942.531955474491
3156.97289278211 -947.80576102543
3160.19577395189 -988.824248643889
3174.55224461829 -1014.60729800385
3187.73675849564 -1523.52953366861
3209.71094829149 -1543.15980988616
3239.88883561071 -1555.75834536877
3444.98127370217 -1560.73916172255
4227.26243042366 -1490.71474357393
4233.12221436891 -1492.17968956035
4254.21743657267 -1499.21143029507
4312.81527602773 -1493.3516463494
4316.62413559225 -1497.74648430865
4318.96804917035 -1544.03877747784
4317.21011398657 -1643.65510455095
4312.81527602773 -1650.39385608831
4298.16581616396 -1653.32374806114
4297.57983776923 -1655.37467244188
4302.56065412322 -1654.49570485019
4321.60495194582 -1650.97983448283
4324.82783311603 -1648.63592090473
4324.82783311603 -1645.12005053737
4325.99978990508 -1616.70009840173
4328.9296818775 -1614.35618482363
4339.18430378242 -1606.15248729985
4343.57914174126 -1605.56650890533
4347.97397970052 -1602.05063853817
4344.45810933336 -1602.6366169327
4343.57914174126 -1604.68754131364
4338.01234699337 -1607.03145489174
4338.59832538769 -1610.84031445626
4344.45810933336 -1613.7702064291
4354.12675284314 -1614.35618482363
4354.12675284314 -1614.35618482363
4354.12675284314 -1614.35618482363
4359.98653678881 -1612.01227124552
4362.03746116955 -1650.39385608831
4358.52159080239 -1651.85880207472
4323.36288712961 -1651.85880207472
4319.55402756509 -1648.92891010189
4318.67505997299 -1380.84379459632
4317.50310318394 -1380.55080539895
4311.35033004131 -1263.35512648945
4312.229297633 -1262.76914809493
4310.17837325226 -1256.90936414946
4304.31858930659 -1251.92854779589
4294.06396740208 -1249.58463421758
4103.32799997659 -1254.56545057136
4021.58401393746 -1258.37431013588
4003.71167290349 -1259.25327772756
3990.52715902614 -1259.25327772756
3990.52715902614 -1259.25327772756
3980.565526319 -1259.8392561223
3980.565526319 -1259.8392561223
3960.64226090429 -1260.42523451682
3830.26206811766 -1264.82007247587
3820.59342460746 -1263.64811568682
3817.956521832 -1260.42523451682
3822.05837059388 -1225.55952004119
3820.88641380483 -1219.69973609573
3715.99628118079 -1120.08340902263
3715.99628118079 -1092.83541367604
3715.11731358869 -1083.16677016605
3718.34019475889 -1065.88040752682
3719.51215154794 -1050.35198007137
3732.69666542529 -953.079566576369
3730.05976264982 -948.684728617323
3658.27740931783 -946.926793433746
3488.34367489874 -943.410923066384
3270.06672292992 -934.621247148083
3253.65932788237 -935.207225542609
3238.42388962429 -934.621247148083
3231.68513808693 -933.156301161873
3224.36040815526 -929.640430794511
3218.50062420959 -931.105376780929
3148.47620606096 -928.175484808093
3144.08136810213 -930.226409189037
3142.61642211571 -933.156301161873
3143.78837890476 -941.35999868544
3151.11310883643 -952.200598984684
3173.08729863229 -1020.46708194931
3107.16472924555 -2094.85846835275
3068.4901552052 -2609.93347716035
3047.10194380449 -2628.68478578579
3030.98753795431 -2638.93940769051
3029.81558116526 -2643.62723484693
3038.31226788598 -2636.00951571768
3037.72628949166 -2644.21321324145
3040.07020306977 -2653.00288915954
3062.04439286521 -2676.44202494161
3072.88499316445 -2696.95126875063
3081.08869068823 -2747.63839987908
3073.47097155919 -2827.91743993221
3064.68129564068 -2899.6997932642
3066.1462416271 -2902.04370684251
3068.4901552052 -2904.09463122346
3087.53445302822 -2907.02452319608
3092.51526938179 -2907.02452319608
3094.85918295989 -2906.43854480156
3094.85918295989 -2903.50865282872
3081.67466908254 -2891.78908493779
3094.85918295989 -2804.77129334751
3100.13298851083 -2802.42737976941
3170.15740665945 -2808.28716371487
3173.08729863229 -2805.35727174204
3191.54561806058 -2760.52992455906
3191.54561806058 -2760.52992455906
3191.54561806058 -2760.52992455906
3190.95963966584 -2762.28785974284
3171.62235264587 -2810.63107729298
3168.9854498704 -2810.63107729298
3096.91010734104 -2802.42737976941
3095.44516135462 -2798.03254181015
3108.62967523197 -2734.16089680457
3119.76326472817 -2719.51143694081
3195.94045601941 -2665.30843544521
3225.82535414126 -2659.7416406969
4671.14106429379 -2628.68478578579
4678.46579422546 -2631.907666956
4696.04514606206 -2640.40435367693
4734.13374170769 -2640.40435367693
4742.92341762578 -2638.35342929599
4750.24814755745 -2633.07962374505
4755.22896391103 -2625.16891541864
4752.59206113556 -2613.44934752771
4725.34406578918 -2593.81907131037
4705.42080037447 -2337.45352369552
4698.97503803448 -2237.54420742526
4693.70123248354 -2124.15738808028
4693.70123248354 -2124.74336647481
4687.84144853829 -1984.10855178325
4687.84144853829 -1984.10855178325
4688.13443773565 -1984.40154098061
4672.60601027979 -1656.8396184283
4680.80970780356 -1248.11968823116
4673.19198867452 -1233.4702283676
4652.6827448655 -1210.61707098027
4651.51078807645 -1205.05027623197
4651.51078807645 -1205.05027623197
4651.51078807645 -1202.70636265386
4649.75285289267 -1196.26060031366
4643.89306894699 -1193.33070834104
4630.12257667533 -1191.57277315746
4478.35417248757 -1195.38163272198
4473.95933452831 -1190.98679476273
4476.88922650115 -1140.29966363449
4478.35417248757 -1138.24873925355
4478.35417248757 -1138.24873925355
4478.35417248757 -1138.24873925355
4478.64716168452 -1114.80960347169
4480.11210767094 -1055.62578562231
4481.28406445999 -1052.69589364947
4480.11210767094 -1042.1482825476
4480.11210767094 -1035.11654181308
4484.50694563019 -1033.3586066295
4504.72320024185 -1034.82355261592
4516.44276813278 -1034.82355261592
4594.96387300254 -1030.72170385403
4597.01479738328 -1029.84273626214
4628.07165229417 -1030.72170385403
4638.91225259342 -1030.72170385403
4714.50346548993 -1016.07224399027
4723.87911980276 -1018.12316837121
4723.87911980276 -1018.12316837121
4723.87911980276 -1018.12316837121
4723.29314140844 -1018.12316837121
4739.99352565294 -1008.45452486123
4845.46963667172 -985.894356671053
5011.59451152588 -979.155605133696
5053.49196673602 -972.12386439918
5054.07794513075 -972.12386439918
5054.07794513075 -972.12386439918
5049.09712877677 -970.658918412762
5047.04620439603 -967.729026440134
5039.72147446436 -860.494980237781
5040.89343125341 -859.909001843255
5032.39674453227 -723.08304671642
5032.982722927 -721.325111532843
5029.46685255943 -668.587056023455
5028.58788496774 -639.581125493291
5027.12293898133 -613.212097738597
5017.7472846685 -607.938292187658
5015.4033710904 -607.059324595974
4943.62101775841 -606.473346201448
4938.64020140483 -604.129432623138
4880.04236194977 -605.594378609556
4878.57741596335 -602.078508242194
4882.67926472524 -531.175122502095
4882.97225392261 -522.385446583794
4882.97225392261 -522.385446583794
4882.09328633092 -520.920500597376
4882.09328633092 -520.920500597376
4882.09328633092 -517.111641032855
4882.09328633092 -517.111641032855
4882.09328633092 -510.372889495498
4881.21431873882 -506.857019128344
4881.50730793619 -502.46218116909
4878.2844267664 -467.889455890829
4878.2844267664 -463.787607128941
4877.69844837167 -459.978747564421
4876.23350238525 -457.048855591792
4876.81948077998 -453.53298522443
4874.18257800452 -418.081292354277
4873.30361041241 -416.616346367859
4875.64752399093 -264.261963785366
4873.30361041241 -243.752719976345
4869.78774004526 -242.287773989927
4863.0489885079 -242.580763187293
4838.14490673963 -244.631687568029
4832.28512279437 -245.217665962763
4830.23419841322 -247.561579540865
4828.7692524268 -257.23022305085
4825.54637125701 -257.816201445376
4819.68658731134 -258.402179839902
4822.90946848155 -253.42136348633
4824.0814252706 -246.97560114634
4825.54637125701 -240.822828003508
4841.6607771072 -161.715744739634
4849.86447463056 -162.008733936793
4851.91539901171 -162.008733936793
4839.02387433173 -248.147557935391
4814.70577095777 -258.695169037269
4814.70577095777 -258.695169037269
4783.94190524424 -258.695169037269
4768.41347778837 -259.281147431794
4766.94853180237 -258.402179839902
4762.84668304048 -154.684004005118
4750.83412595219 37.5169094065741
4749.66216916314 48.9434881003443
4745.26733120388 52.7523476648649
4657.07758282434 195.438086737372
4650.63182048435 198.36797871
4609.02735447157 198.36797871
4576.7985427712 199.246946301893
4575.04060758784 201.590859879995
4568.59484524785 337.537847415146
4559.80516932934 529.445771629471
4560.39114772407 530.324739221364
4559.80516932934 538.528436745139
4557.46125575124 541.165339520608
4554.82435297577 544.974199085129
4529.92027120749 556.693766976058
4446.41834998457 573.687140417926
4110.06675151395 774.091751353185
4088.09256171851 782.29544887696
4086.62761573209 787.569254427899
4088.67854011325 810.715401012598
4097.7612052287 831.517634018986
4097.7612052287 831.517634018986
4097.7612052287 844.409158698967
4082.23277777326 875.173024412707
4071.09918827664 874.587046018181
4073.44310185475 866.676337691773
4066.99733951476 869.313240467243
3956.83340133977 862.281499732727
3850.77131192668 864.332424113671
3849.30636594026 865.797370100089
3844.32554958669 940.509615404917
3845.79049557311 942.560539785653
3841.98163600859 966.878643159403
3842.56761440291 974.789351485811
3842.56761440291 997.056530478618
3841.10266841649 999.693433254087
3841.10266841649 999.693433254087
3830.84804651198 1056.240348328
3803.30706196823 1343.9557400509
3802.42809437655 1349.81552399658
3797.15428882561 1359.48416750656
3793.05244006372 1360.36313509825
3671.46192319518 1365.34395145203
3674.09882597065 1499.53300380339
3669.11800961666 1501.58392818434
3668.23904202497 1503.92784176265
3664.72317165782 1495.72414423887
3669.11800961666 1379.40743292106
3652.41762537216 1360.94911349298
3652.41762537216 1360.94911349298
3652.41762537216 1360.94911349298
3652.41762537216 1360.94911349298
3409.23659163507 1358.01922152014
3350.63875218001 1380.57938971032
3348.29483860191 1383.80227088031
3316.06602690196 1897.70532289865
3289.11102075253 1913.23375035431
3050.91080336901 1918.50755590504
2936.64501643214 1914.69869634052
2934.59409205099 1916.74962072146
2934.59409205099 1922.90239386429
2934.30110285404 1922.0234262724
2941.03985439098 1890.67358216413
2946.89963833665 1889.20863617772
3161.36773074136 1900.63521487149
3168.1064822783 1902.1001608577
3306.69037258913 1884.81379821867
3432.38273821956 1600.61427686291
3315.48004850722 1626.10433702572
3312.55015653439 1618.19362869931
3294.9708046982 1554.90796208825
3294.9708046982 1554.90796208825
3295.55678309252 1517.69833403452
3289.69699914726 1514.76844206168
3248.09253313407 1512.42452848358
3162.83267672736 1525.60904236093
3162.83267672736 1525.02306396619
3162.24669833305 1527.95295593903
3165.7625687002 1574.83122750275
3164.29762271378 1582.15595743463
3163.71164431946 1604.13014723028
3303.76048061629 1606.47406080838
3306.39738339176 1604.13014723028
3360.89337408452 985.04397339053
3363.53027685999 948.420323731325
3383.45354227469 854.663780603686
3394.29414257394 783.174416468853
3386.38343424753 664.513791572729
3363.82326605736 539.70039353419
3366.75315803019 478.172662106709
3361.47935247925 475.242770133873
3343.02103305097 472.605867358403
3332.18043275172 473.777824147455
3294.67781550083 473.191845752929
3292.04091272536 477.00070531745
3445.86024129427 552.298929017011
3457.5798091852 552.298929017011
3457.5798091852 554.349853397747
3420.0771919339 556.693766976058
3386.96941264226 580.718881152441
3384.03952066943 585.406708308854
3384.91848826111 599.763178975253
3472.81524744329 620.272422784483
3474.86617182444 621.151390376375
3476.33111781044 624.081282349003
3475.74513941612 641.660634185397
3473.69421503497 663.634823981044
3490.98057767421 673.889445885555
3634.5452843386 709.04814955855
3638.94012229744 713.442987517597
3638.94012229744 713.442987517597
3854.5801714912 786.690286836006
4009.57145684916 797.530887135251
4026.56483029103 810.715401012598
4071.39217747401 883.962700331008
4125.5951789694 1647.49254842684
3992.87107260466 2086.97634433771
3708.08557285438 2470.79219276637
3573.31054210807 2658.89125741638
3378.47272592112 2907.93207509914
3380.52365030186 2932.83615686741
3391.65723979847 2943.67675716645
4871.25268603168 2945.43469235024
4989.62032173044 2912.91289145271
5019.79820904965 2926.97637292195
5027.12293898133 2940.1608867993
5018.33326306323 2967.9948605402
4950.94574769008 3017.80302407675
4951.53172608481 3049.44585738239
5042.35837723983 3587.08103437995
5050.56207476318 3589.71793715542
5066.67648061337 3596.45668869277
5065.21153462695 3600.26554825729
5026.24397138964 3796.56831043087
5063.74658864053 4259.49124212361
5086.3067568307 4604.92550570948
5046.16723680435 5346.1881748125
5046.16723680435 5346.1881748125
5032.1037553349 5698.06820073857
4944.20699615272 6862.70025990228
4916.66601160898 7082.14916866036
4916.66601160898 7097.09161772149
4904.06747612636 7301.30508822127
4897.32872458901 7464.79306030016
4907.58334649352 7477.97757417751
4917.25199000371 7483.54436892561
5192.07585704643 7524.85584574123
5192.66183544117 7540.09128399952
5191.78286784948 7542.43519757783
5188.85297587664 7537.74737042141
5179.47732156382 7518.11709420408
5095.0964327488 7508.74143989125
5098.90529231332 7506.39752631315
5150.17840183629 7514.60122383672
5152.22932621744 7517.23812661218
5152.22932621744 7517.23812661218
5149.2994342446 7519.5820401905
5145.19758548272 7514.30823463956
4886.48812428976 7486.47426089844
4880.04236194977 7483.54436892561
4887.0741026845 7461.57017913017
5032.1037553349 6625.37901011045
4911.39220605804 6074.26633003818
5026.53696058701 5363.76752664889
5073.12224295336 4829.06224162417
5083.37686485787 4668.79715071527
5083.66985405524 4667.91818312338
5050.56207476318 4471.02944255548
5045.28826921224 4468.97851817453
4997.23804085948 4470.44346416095
4997.23804085948 4470.44346416095
4926.9206335139 4470.15047496359
4928.38557949991 4465.75563700454
4935.41732023463 4463.7047126236
4994.01515968927 4467.51357218812
5050.56207476318 4465.75563700454
5051.14805315792 4460.18884225623
5042.35837723983 4378.15186701952
5038.25652847794 4376.68692103311
5020.67717664133 4374.343007455
5018.33326306323 4375.80795344142
5019.79820904965 4374.92898584953
5022.72810102249 4373.75702906048
5037.37756088584 4375.2219750469
5040.89343125341 4367.89724511501
5044.70229081793 4317.21011398657
5070.19235098052 4027.15080868535
5071.07131857262 4026.27184109366
5073.41523215072 4022.7559707263
5074.00121054504 4005.17661888991
5037.37756088584 3822.93733818557
5016.86831707681 3783.09080735637
5019.21223065492 3752.32694164242
5021.84913343039 3742.07231973791
5032.982722927 3622.23973805294
5047.63218279076 3604.66038621655
5047.63218279076 3604.66038621655
5128.20421204085 3416.26833236938
5126.73926605443 3415.38936477748
5192.07585704643 3265.3788957733
5168.63672126457 3263.03498219499
5193.2478138359 3078.45178791255
5187.38802989023 3077.2798311235
5109.15991421824 3083.13961506896
5107.10898983709 3087.24146383085
5107.10898983709 3100.71896690536
5107.69496823183 3106.57875085082
5107.69496823183 3112.14554559913
5109.15991421824 3123.86511349006
5112.6757845854 3157.55887117642
5109.15991421824 3155.50794679548
5105.64404385067 3112.43853479629
5102.71415187825 2981.76535281207
5096.85436793258 2979.1284500366
5076.93110251788 2976.7845364585
5054.95691272244 2965.94393615926
4942.7420501663 2958.32621703022
4942.7420501663 2958.32621703022
4935.41732023463 2957.15426024116
4932.48742826179 2957.15426024116
4928.38557949991 2945.14170315287
4905.53242211278 2623.14657534886
4904.94644371805 2582.12808773061
4904.94644371805 2580.66314174419
4904.94644371805 2580.66314174419
4904.6534545211 2473.42909554183
4902.60253013995 2382.01646599251
4900.55160575921 2379.96554161156
4899.08665977279 2210.03180719268
4899.08665977279 2168.13435198253
4890.29698385428 2006.11132589005
4884.14421071166 1998.78659595817
4841.6607771072 1963.04191389086
4830.82017680795 1962.16294629897
4001.66074852275 1940.48174570069
3991.99210501256 1947.5134864352
3990.52715902614 1956.59615155066
4031.5456466446 1956.3031623535
4126.76713575887 1630.49917498497
4082.23277777326 1239.94457501875
4069.04826389591 1149.41091306111
4069.63424229023 1147.65297787753
4069.63424229023 1131.53857202735
4069.63424229023 1131.53857202735
4068.16929630381 1128.0227016602
4068.16929630381 1128.0227016602
4068.16929630381 1128.0227016602
4063.77445834497 1126.55775567378
4063.18847995023 1091.98503039552
4063.18847995023 969.808535132239
4064.06744754192 956.038042860367
4066.99733951476 954.573096873948
4069.63424229023 951.64320490132
4072.56413426306 949.885269717535
4065.23940433097 941.388582996601
4076.95897222232 932.598907078509
4063.18847995023 926.739123133044
4065.53239352834 898.905149391932
4061.1375555695 874.001067623656
4058.20766359666 872.243132440079
3943.06290906811 860.52356454915
3857.51006346404 863.746445719145
3857.51006346404 861.98851053536
3849.30636594026 860.52356454915
3847.84141995384 823.313936495211
3849.892344335 797.82387633241
3844.32554958669 795.479962754307
3603.78141862466 715.786901095699
3589.42494795826 711.392063136653
3540.78874121076 700.844452034775
3532.29205449003 696.449614075729
3527.01824893909 693.519722102892
3449.37611166143 670.373575518193
3447.03219808333 670.080586321035
3431.21078143051 665.685748361988
3373.19892037018 633.45693666183
4383.42567257067 616.756552417121
4383.42567257067 616.756552417121
3373.78489876492 521.535063303063
3374.6638663566 469.382986188408
3381.40261789396 355.117199251539
3377.0077799347 154.71258831628
3377.0077799347 148.852804370815
3387.26240183921 48.9434881003443
3389.31332622036 20.5235359647063
3390.19229381205 8.21798967925175
3420.956159526 -67.9592016119944
3388.43435862826 -88.7614346183829
3382.57457468301 -92.2773049857448
3324.85570282005 -101.066980903837
3326.32064880647 -113.3725271895
3114.48945917723 -108.977689230246
3106.57875085082 -108.977689230246
3071.42004717803 -104.875840468358
3072.29901476972 -98.1370889312093
2901.48631275936 -99.6020349176274
2900.02136677294 -101.652959298363
2902.36528035104 -117.181386754021
2903.53723714009 -120.990246318542
2900.90033436462 -140.620522535879
2900.90033436462 -141.206500930404
2900.60734516725 -149.996176848705
2893.57560443295 -223.243476167115
2783.41166625797 -221.192551786171
2781.36074187681 -219.141627405227
2763.78139004063 -223.536465364482
2759.97253047611 -226.173368139951
2758.80057368664 -229.103260112579
2760.26551967306 -306.745397390244
2754.99171412212 -309.089310968346
2727.15774038142 -312.898170532867
2727.15774038142 -312.898170532867
2628.4203809 -311.433224546657
2549.89927603066 -309.089310968346
2544.91845967667 -306.745397390244
2365.3160817478 -306.159418995718
2363.26515736706 -307.624364981928
2362.38618977538 -323.152792437586
2362.97216816969 -329.01257638305
2364.43711415611 -342.783068654923
2363.85113576179 -363.878290858678
2363.26515736706 -384.680523865067
2363.26515736706 -384.680523865067
2365.90206014253 -409.584605633343
2369.12494131232 -434.488687401619
2367.65999532632 -649.83574739801
2363.26515736706 -701.108856920772
2361.80021138064 -719.860165546425
2357.99135181612 -717.809241165481
2240.79567290642 -714.879349192645
2239.91670531473 -711.949457220017
2243.13958648493 -672.395915587976
2242.84659728757 -671.516947996291
2239.33072692 -525.315338556422
2240.2096945121 -525.022349359263
2242.26061889283 -456.462877197059
2242.84659728757 -440.348471347083
2244.31154327399 -435.953633388037
2246.06947845736 -429.800860245206
2243.72556487925 -430.093849442573
2246.65545685209 -415.444389578807
2423.91392120286 -415.444389578807
2785.16960144133 -419.839227537854
2788.68547180891 -404.310800082404
2779.01682829871 -324.617738423796
2763.78139004063 -81.1437154893415
2764.36736843495 -29.8706059663714
2764.36736843495 -25.475768007325
2765.24633602705 -5.25951339525406
2766.12530361873 27.2622875020633
2754.99171412212 155.298566710805
2756.45666010854 156.763512697223
2754.11274653043 173.463896941724
2751.1828545576 184.597486438128
2751.47584375497 186.941400016438
2748.25296258476 184.011508043602
2752.0618221497 184.597486438128
2771.98508756399 190.457270383592
2943.3837679695 191.92221637001
3031.28052715168 188.406346002648
3034.21041912409 183.132540451709
3047.10194380449 59.4910992022219
3059.7004792871 -88.468445421016
3060.57944687879 -90.226380604801
3073.76396075614 -96.0861645502655
3109.50864282366 -95.207196958373
3110.09462121839 -96.0861645502655
3109.50864282366 -101.94594849573
3107.45771844292 -136.225684576832
3103.6488588784 -139.155576549461
3091.92929098705 -137.104652168517
3088.12043142253 -138.276608957776
3070.83406878372 -171.384388249619
3060.57944687879 -169.333463868675
3059.11450089237 -166.403571896047
3059.11450089237 -166.403571896047
3055.30564132785 -125.385084277588
3066.1462416271 -100.481002509312
3060.28645768184 0.6002705502104
3063.21634965426 2.06521653642038
3110.09462121839 1.47923814189475
3110.97358881007 3.53016252283854
3117.71234034743 46.8925637194005
3263.32797139257 54.8032720458087
3294.67781550083 54.8032720458087
3297.90069667062 54.8032720458087
3297.60770747367 54.2172936512831
3297.60770747367 54.8032720458087
3302.00254543251 72.3826238822021
3302.29553462987 74.7265374605128
3312.25716733702 142.993020425351
3312.25716733702 147.387858384397
3313.72211332344 171.412972560781
3312.55015653439 254.035926192017
3313.13613492912 265.755494082946
3314.0151025208 296.812348994053
3318.11695128269 317.028603605916
3323.39075683363 319.958495578752
3386.38343424753 314.977679224972
3390.19229381205 318.786538789701
3390.77827220678 324.353333537799
3387.26240183921 475.242770133873
3391.65723979847 476.707716120291
3464.61154991951 479.930597290286
3466.3694851033 480.516575684812
3470.76432306255 482.860489262914
3472.22926904897 484.032446052174
3466.95546349803 542.044307112293
3464.90453911688 548.490069452283
3422.12811631505 558.158712962476
3422.12811631505 558.158712962476
3411.87349441054 560.209637343212
3406.01371046487 566.069421288884
3387.84838023395 580.718881152441
3387.84838023395 580.718881152441
3386.38343424753 585.113719111488
3386.96941264226 601.228124961671
3392.2432181932 615.291606430702
3396.63805615204 616.756552417121
3398.68898053319 616.756552417121
3401.91186170298 614.705628036177
3408.35762404297 616.170574022595
3417.73327835579 613.826660444492
3423.00708390673 614.412638839018
3433.84768420598 613.826660444492
3473.40122583802 618.221498403539
3473.40122583802 618.221498403539
3473.40122583802 618.221498403539
3479.55399898064 610.31079007713
3480.72595576969 608.552854893554
3481.01894496706 601.228124961671
3470.76432306255 541.458328717767
3466.3694851033 539.70039353419
3441.46540333502 537.649469153246
3359.42842809852 541.165339520608
3356.20554692831 543.509253098711
3357.9634821121 547.025123466073
3362.06533087399 553.177896608696
3364.40924445209 555.814799384165
3366.46016883282 554.642842595114
3366.46016883282 554.642842595114
3367.33913642493 552.298929017011
3367.33913642493 552.298929017011
3371.14799598945 424.262649808269
3371.14799598945 419.574822651856
3376.71479073733 323.767355143273
3390.19229381205 3.53016252283854
3390.77827220678 -23.4248436263813
3413.63142959391 -48.9149037891829
3418.02626755316 -91.3983373938523
3418.02626755316 -94.6212185638473
3415.68235397506 -102.531926890256
3410.70153762107 -107.805732441194
3401.91186170298 -109.856656822138
3333.05940034382 -94.6212185638473
3056.18460891995 -94.3282293666886
2982.05834200944 -96.6721429447911
2983.52328799586 -116.595408359495
2984.40225558754 -132.416825012104
2985.57421237701 -129.486933039475
2985.57421237701 -129.486933039475
2983.52328799586 -123.627149094011
2983.52328799586 -123.627149094011
2982.93730960154 -119.525300332123
2982.93730960154 -97.2581213393168
2985.86720157396 -94.3282293666886
2991.72698551963 -91.6913265912192
3023.66280802263 -94.3282293666886
3105.69978325914 -94.3282293666886
3108.62967523197 -93.7422509719548
3110.09462121839 -94.6212185638473
3110.09462121839 -94.6212185638473
3110.09462121839 -94.6212185638473
3110.09462121839 -94.6212185638473
3114.7824483746 -93.1562725774292
3138.22158415645 -95.207196958373
3305.22542660271 -93.1562725774292
3344.77896823475 -96.0861645502655
3348.29483860191 -96.0861645502655
3350.63875218001 -96.0861645502655
3388.43435862826 -95.207196958373
3389.89930461468 -94.6212185638473
3393.12218578489 -98.7230673257349
3490.98057767421 -183.103956140548
3484.53481533421 -108.977689230246
3494.20345884441 -100.188013312153
3628.68550039293 -91.3983373938523
3631.02941397103 -90.226380604801
3643.62794945406 -85.8315426457547
3646.5578414269 -42.4691414491928
3641.28403587596 -40.418217068249
3640.69805748123 -32.8004979389995
3640.40506828386 44.548650141298
3650.65969018879 58.6121316103294
3656.51947413404 72.3826238822021
3677.32170714043 118.6749170516
3738.84943856791 291.538543443114
3738.55644937096 293.003489429532
3751.15498485358 437.15417448825
3751.74096324789 439.49808806656
3751.15498485358 445.94385040655
3746.76014689432 448.287763984653
3736.50552498981 448.287763984653
3700.76084292229 446.236839603709
3701.34682131702 446.236839603709
3699.29589693587 446.236839603709
3726.83688147962 446.236839603709
3737.97047097623 445.357872012025
3752.61993083999 440.377055658245
3754.9638444181 443.892926025607
3756.42879040452 542.923274704185
3755.54982281283 549.369037044175
3752.03395244526 552.884907411537
3740.02139535697 554.642842595114
3706.62062686796 554.349853397747
3701.93279971134 552.884907411537
3700.46785372534 553.177896608696
3689.6272534261 553.177896608696
3680.837577508 552.298929017011
3676.44273954875 553.177896608696
3653.58958216121 554.349853397747
3657.39844172573 548.78305864965
