100
5163.83516141311 -1466.18839406694
5163.83516141311 -1466.53440285567
5163.48915262438 -1466.53440285567
4696.0312791945 -1434.70159430231
4085.67177606312 -1435.04760309105
5167.29524929946 -1463.42032375806
5167.98726687643 -1460.30624466045
5167.64125808819 -1459.26821829449
5167.29524929946 -1459.26821829449
5169.02529324263 -1462.03628860362
5168.33327566516 -1462.03628860362
5167.98726687643 -1461.69027981489
5167.64125808819 -1461.69027981489
5167.64125808819 -1461.69027981489
5167.29524929946 -1462.03628860362
5167.29524929946 -1462.03628860362
5220.92661153587 -1480.72076318931
4174.25002595075 -1438.16168218866
5259.67959586168 -1788.32257627515
10000 -5468.12604328345
10000 -5468.12604328345
9583.7514272864 -3999.31873557775
9584.44344486337 -3998.62671800053
9584.44344486337 -3998.62671800053
7040.24082211704 -2697.97968156573
4722.67395591859 -1763.06393470575
3822.70509670958 -1139.55609760668
3822.70509670958 -1139.55609760668
3822.70509670958 -1139.90210639541
3822.35908792085 -1140.2481151839
3822.70509670958 -1140.2481151839
3822.70509670958 -1140.59412397264
3823.05110549831 -1140.59412397264
3823.39711428655 -1140.94013276112
3823.74312307529 -1140.94013276112
3823.74312307529 -1140.94013276112
3823.74312307529 -1140.94013276112
3823.74312307529 -1140.94013276112
3823.74312307529 -1140.94013276112
3024.46282135564 -719.847437006731
3024.1168125669 -726.421603990446
3870.80031832823 -640.611424411937
3870.80031832823 -641.64945077789
3871.14632711697 -641.64945077789
3870.4543095395 -641.995459566377
3869.76229196203 -642.34146835511
3829.27926369354 -656.873837477228
4397.42569461277 -35.0960443213361
4398.11771218975 -34.0580179553828
4398.46372097848 -34.4040267441159
4398.46372097848 -34.7500355326031
4397.42569461277 -34.0580179553828
4397.42569461277 -34.0580179553828
4397.42569461277 -33.7120091668956
4324.07183142447 211.262213178422
3906.09321476769 699.480613925885
3906.43922355643 699.826622714372
3906.78523234516 699.826622714372
3907.1312411334 700.172631503105
3907.47724992214 700.518640291592
3907.82325871087 700.518640291592
3524.79152970482 415.061389677536
3015.12058406279 -727.113621567912
3025.84685651008 -723.653533681565
3025.84685651008 -723.653533681565
3025.50084772134 -724.691560047518
3025.84685651008 -725.037568836006
3025.84685651008 -725.037568836006
3025.84685651008 -725.037568836006
3025.84685651008 -725.037568836006
3025.84685651008 -725.383577624739
3023.77080377866 -723.653533681565
3025.1548389331 -716.041340331896
3024.46282135564 -716.733357909117
3023.42479498993 -719.15541942951
3023.42479498993 -719.15541942951
3023.42479498993 -719.501428217998
3023.42479498993 -719.847437006731
3023.42479498993 -720.193445795218
3023.42479498993 -720.193445795218
3023.42479498993 -720.539454583951
3023.42479498993 -720.885463372684
3023.42479498993 -720.885463372684
3023.77080377866 -721.231472161171
3023.77080377866 -721.231472161171
3023.77080377866 -721.231472161171
3024.1168125669 -721.231472161171
3024.1168125669 -721.231472161171
3024.1168125669 -721.231472161171
3024.1168125669 -721.577480949904
3024.1168125669 -721.577480949904
3023.77080377866 -721.577480949904
3024.1168125669 -721.923489738391
3024.1168125669 -721.923489738391
3023.77080377866 -722.269498527125
3023.77080377866 -722.269498527125
3023.77080377866 -722.615507315612
3023.77080377866 -722.615507315612
3023.42479498993 -722.269498527125
3023.42479498993 -722.269498527125
