100
-6362.19581211039 -479.420156573775
-7822.29767968273 319.674353895837
-8378.04187889069 443.047302396273
-8067.9117147704 382.492690058658
-6257.49858517263 -170.421854366687
-6109.79060554591 -480.552018486579
-6174.87266553433 -44.2192510844439
-6174.87266553433 -44.2192510844439
-6705.7159026598 782.605876249866
-6230.33389926373 366.646623279003
-7243.9162422179 -142.125306545789
-7683.07866440264 -1345.86045085782
-5623.65591397839 -1326.61879833976
-5179.40011318583 -447.162092057862
167.515563101791 514.920533861925
1896.43463497448 196.867336352005
9992.64289756657 -169.289992453884
9991.51103565337 -169.855923410486
9991.51103565337 -172.119647236094
9991.51103565337 -172.685578192295
9991.51103565337 -173.251509148898
9991.51103565337 -173.251509148898
9992.07696660997 -173.251509148898
9992.07696660997 -173.817440105501
9992.07696660997 -173.817440105501
9992.07696660997 -173.817440105501
9990.94510469677 -173.251509148898
9990.94510469677 -172.119647236094
9991.51103565337 -172.119647236094
9991.51103565337 -172.119647236094
9991.51103565337 -172.119647236094
9991.51103565337 -172.119647236094
9991.51103565337 -172.119647236094
9991.51103565337 -172.119647236094
9991.51103565337 -172.685578192295
9990.94510469677 -172.119647236094
9990.94510469677 -172.119647236094
9990.94510469677 -172.119647236094
9991.51103565337 -172.119647236094
9991.51103565337 -172.119647236094
9991.51103565337 -172.119647236094
9991.51103565337 -172.119647236094
9990.94510469677 -172.119647236094
9990.94510469677 -172.119647236094
9994.90662139218 -171.553716279491
9994.90662139218 -171.553716279491
9994.90662139218 -172.685578192295
9993.77475947898 -173.251509148898
9993.20882852318 -172.685578192295
9992.64289756657 -172.685578192295
9990.94510469677 -173.251509148898
9989.24731182776 -172.119647236094
9988.68138087116 -172.119647236094
9988.68138087116 -172.119647236094
9989.24731182776 -172.119647236094
9989.24731182776 -173.251509148898
9994.90662139218 -176.647094887309
9994.34069043558 -177.213025843912
9994.34069043558 -177.213025843912
9994.34069043558 -176.647094887309
9898.69835880024 -131.37261837355
8166.38370118875 -58.9334559512949
4585.17260894174 -426.222646669988
3564.23316355415 -494.700292397229
1537.06847764581 -656.556545934198
-4990.37917374077 -466.969675532531
7976.79683078628 -1384.90968685136
7976.79683078628 -1385.47561780756
7976.79683078628 -1385.47561780756
7810.9790605547 -749.935153744328
4605.54612337301 -915.186993019709
3161.85625353733 -531.485804564758
-4001.13186191248 -476.024570835363
-4670.06225240484 -2348.69010564016
-4670.62818336144 -2349.25603659636
-4670.62818336144 -2349.82196755296
-4670.06225240484 -2350.38789850916
-4670.06225240484 -2349.82196755296
-4670.06225240484 -2350.38789850916
-4670.06225240484 -2349.82196755296
-4670.06225240484 -2349.82196755296
-4670.06225240484 -2349.25603659636
-4669.49632144823 -2349.25603659636
-4670.06225240484 -2349.25603659636
-1588.56819467979 -2704.66067723041
4244.48217317454 -2589.21076212
4398.98132427808 -2043.08738917148
4398.41539332228 -2043.08738917148
4396.71760045248 -2041.95552725868
4396.15166949668 -2041.38959630207
4395.58573854007 -2041.38959630207
4395.58573854007 -2041.38959630207
4395.01980758347 -2041.38959630207
4394.45387662687 -2040.82366534587
4394.45387662687 -2040.82366534587
4394.45387662687 -2040.82366534587
4394.45387662687 -2041.38959630207
4393.88794567027 -2040.82366534587
4419.35483870935 -2046.48297490989
4392.19015280126 -2037.99401056366
