798
5163.83516141311 -1466.18839406694
5163.83516141311 -1466.53440285567
5163.48915262438 -1466.53440285567
4696.0312791945 -1434.70159430231
4085.67177606312 -1435.04760309105
5167.29524929946 -1463.42032375806
5167.98726687643 -1460.30624466045
5167.64125808819 -1459.26821829449
5167.29524929946 -1459.26821829449
5169.02529324263 -1462.03628860362
5168.33327566516 -1462.03628860362
5167.98726687643 -1461.69027981489
5167.64125808819 -1461.69027981489
5167.64125808819 -1461.69027981489
5167.29524929946 -1462.03628860362
5167.29524929946 -1462.03628860362
5220.92661153587 -1480.72076318931
4174.25002595075 -1438.16168218866
5259.67959586168 -1788.32257627515
10000 -5468.12604328345
10000 -5468.12604328345
9583.7514272864 -3999.31873557775
9584.44344486337 -3998.62671800053
9584.44344486337 -3998.62671800053
7040.24082211704 -2697.97968156573
4722.67395591859 -1763.06393470575
3822.70509670958 -1139.55609760668
3822.70509670958 -1139.55609760668
3822.70509670958 -1139.90210639541
3822.35908792085 -1140.2481151839
3822.70509670958 -1140.2481151839
3822.70509670958 -1140.59412397264
3823.05110549831 -1140.59412397264
3823.39711428655 -1140.94013276112
3823.74312307529 -1140.94013276112
3823.74312307529 -1140.94013276112
3823.74312307529 -1140.94013276112
3823.74312307529 -1140.94013276112
3823.74312307529 -1140.94013276112
3024.46282135564 -719.847437006731
3024.1168125669 -726.421603990446
3870.80031832823 -640.611424411937
3870.80031832823 -641.64945077789
3871.14632711697 -641.64945077789
3870.4543095395 -641.995459566377
3869.76229196203 -642.34146835511
3829.27926369354 -656.873837477228
4397.42569461277 -35.0960443213361
4398.11771218975 -34.0580179553828
4398.46372097848 -34.4040267441159
4398.46372097848 -34.7500355326031
4397.42569461277 -34.0580179553828
4397.42569461277 -34.0580179553828
4397.42569461277 -33.7120091668956
4324.07183142447 211.262213178422
3906.09321476769 699.480613925885
3906.43922355643 699.826622714372
3906.78523234516 699.826622714372
3907.1312411334 700.172631503105
3907.47724992214 700.518640291592
3907.82325871087 700.518640291592
3524.79152970482 415.061389677536
3015.12058406279 -727.113621567912
3025.84685651008 -723.653533681565
3025.84685651008 -723.653533681565
3025.50084772134 -724.691560047518
3025.84685651008 -725.037568836006
3025.84685651008 -725.037568836006
3025.84685651008 -725.037568836006
3025.84685651008 -725.037568836006
3025.84685651008 -725.383577624739
3023.77080377866 -723.653533681565
3025.1548389331 -716.041340331896
3024.46282135564 -716.733357909117
3023.42479498993 -719.15541942951
3023.42479498993 -719.15541942951
3023.42479498993 -719.501428217998
3023.42479498993 -719.847437006731
3023.42479498993 -720.193445795218
3023.42479498993 -720.193445795218
3023.42479498993 -720.539454583951
3023.42479498993 -720.885463372684
3023.42479498993 -720.885463372684
3023.77080377866 -721.231472161171
3023.77080377866 -721.231472161171
3023.77080377866 -721.231472161171
3024.1168125669 -721.231472161171
3024.1168125669 -721.231472161171
3024.1168125669 -721.231472161171
3024.1168125669 -721.577480949904
3024.1168125669 -721.577480949904
3023.77080377866 -721.577480949904
3024.1168125669 -721.923489738391
3024.1168125669 -721.923489738391
3023.77080377866 -722.269498527125
3023.77080377866 -722.269498527125
3023.77080377866 -722.615507315612
3023.77080377866 -722.615507315612
3023.42479498993 -722.269498527125
3023.42479498993 -722.269498527125
3023.77080377866 -722.269498527125
3023.77080377866 -722.269498527125
3023.77080377866 -722.269498527125
3023.77080377866 -722.269498527125
3023.42479498993 -721.923489738391
3023.77080377866 -722.269498527125
3024.1168125669 -722.615507315612
3024.1168125669 -722.961516104345
3024.1168125669 -722.961516104345
3024.1168125669 -722.961516104345
3023.77080377866 -722.961516104345
3023.77080377866 -722.961516104345
3023.77080377866 -722.615507315612
3023.77080377866 -722.269498527125
3145.56589737385 -480.755364068154
165.392200962038 1340.98090803317
-52.939344659193 1551.35425151624
-2010.3110619011 784.252767138441
-3268.39901733524 657.959559290947
-4057.64506418459 632.700917721547
-5874.53721324512 568.689291826091
-6079.72042489892 1750.30930497457
-5687.0004498113 1821.58711543096
-5544.44482889851 2109.46642756541
-5048.26822601314 2298.38722615368
-4410.22801979196 2311.88156891009
-4634.09570603095 1642.35456292403
-4333.06805992858 1433.36525459564
-4262.13625826092 1064.51988592322
-6339.22701636611 1257.59278997505
-5247.56928825996 1254.13270208895
-4247.25788035032 1464.85205436027
-4280.12871526963 1197.04125196594
-2249.40313483943 57.634311029622
-2249.40313483943 57.634311029622
-1219.33497110809 -856.866917301507
-1628.66336804949 -581.789930346001
-1942.83934811929 -432.314133660768
-2968.40939759858 -8.10735880876219
-293.761461541189 757.6100904146
59.8595204318899 763.492239821095
59.8595204318899 763.492239821095
59.8595204318899 763.492239821095
-1937.64921629027 783.560749561221
-3434.13722708577 641.697146225657
-3878.06650288917 1108.80901086704
-3626.86412234862 1158.98028521735
-3569.77267222586 1068.67199138679
-3569.77267222586 1068.32598259806
-3569.77267222586 1067.97997380957
-3570.11868101459 1067.97997380957
-2948.34088785845 841.690226049936
-3010.96847859947 1207.07550683601
-3485.34652780203 1255.17072845466
-4596.38074807085 1255.17072845466
-5834.05418497614 1266.9350272679
-6804.9548458533 1266.24300969067
-8069.27095948267 1376.27380447288
-7764.43721670522 1617.09592135463
-7640.56607037812 1269.70309757678
-9616.96827099395 1264.16695695901
-10000 1607.75368406179
-10000 1607.75368406179
3095.39462302329 -363.804393513503
3024.46282135564 -721.577480949904
3024.46282135564 -721.577480949904
3025.1548389331 -721.231472161171
3024.80883014437 -722.269498527125
3024.80883014437 -722.615507315612
3024.80883014437 -722.961516104345
3024.46282135564 -723.307524892832
3024.46282135564 -723.307524892832
3024.46282135564 -722.961516104345
3024.46282135564 -722.961516104345
3024.46282135564 -722.961516104345
3024.46282135564 -722.961516104345
3024.1168125669 -722.615507315612
3024.1168125669 -722.615507315612
3024.1168125669 -722.615507315612
3024.1168125669 -715.003313965943
3023.07878620119 -716.733357909117
3023.07878620119 -716.733357909117
3023.07878620119 -717.425375486337
3023.07878620119 -717.77138427507
3023.07878620119 -718.46340185229
3023.42479498993 -718.809410640777
3023.42479498993 -719.15541942951
3023.42479498993 -719.15541942951
3023.42479498993 -719.501428217998
3023.42479498993 -719.501428217998
3023.42479498993 -719.847437006731
3023.42479498993 -719.847437006731
3023.42479498993 -720.193445795218
3023.42479498993 -720.193445795218
3023.77080377866 -720.539454583951
3023.77080377866 -720.539454583951
3023.42479498993 -720.885463372684
3023.42479498993 -720.885463372684
3023.42479498993 -720.885463372684
3023.77080377866 -720.885463372684
3023.77080377866 -721.231472161171
3023.42479498993 -721.231472161171
3023.42479498993 -721.231472161171
3023.42479498993 -721.577480949904
3023.42479498993 -721.577480949904
3023.42479498993 -721.577480949904
3023.42479498993 -721.577480949904
3023.42479498993 -721.577480949904
3023.42479498993 -721.923489738391
3023.42479498993 -721.923489738391
3023.42479498993 -721.923489738391
3023.42479498993 -721.923489738391
3023.42479498993 -721.923489738391
3023.42479498993 -721.577480949904
3023.42479498993 -721.577480949904
3023.42479498993 -721.577480949904
3023.42479498993 -721.577480949904
3023.42479498993 -721.923489738391
3023.42479498993 -721.923489738391
3023.77080377866 -722.269498527125
3023.77080377866 -722.269498527125
3023.77080377866 -722.269498527125
3023.77080377866 -722.615507315612
3023.77080377866 -722.615507315612
3024.1168125669 -722.961516104345
3024.1168125669 -722.961516104345
3024.1168125669 -722.961516104345
3024.1168125669 -722.961516104345
3024.1168125669 -722.961516104345
3024.1168125669 -722.961516104345
3086.74440330792 -344.427901350598
1466.38524618531 -29.5599037033281
806.546486280835 4.00294879320717
-950.140133559324 -165.541357632397
-2878.4471125565 -653.759758379613
-2740.7356146845 -920.878543196718
-2691.25635791141 -482.139399222594
-1832.11653576012 352.433798936766
-1735.92609252281 1156.21221490847
-1126.2586069684 2985.21467157098
2909.24189474391 5682.69918767762
3774.95588387966 6055.35065302487
3756.27140929398 6170.91758842508
2912.00996505328 5618.34155299367
2401.99301062252 5434.2648774462
1016.2278121862 4883.41888595797
142.209612124298 4134.30985858863
-1002.73346943003 2930.19927417988
-747.378983426164 2640.58991810225
-747.378983426164 2640.58991810225
-963.980485104221 2160.67572828168
111.760838725131 1806.01671994289
697.207709075607 1562.08052396353
1507.21428324303 1597.37342040299
529.7394553824 1555.8523657683
175.080447043121 1325.75652133383
-307.947821874821 1259.32283391823
-836.649250890774 1512.2552584017
-953.254212656939 1797.36650022727
-952.216186291231 1796.67448265005
-950.83215113679 1791.83035960926
-950.83215113679 1791.83035960926
-950.83215113679 1791.83035960926
-951.870177502498 1793.21439476395
-951.524168713764 1792.17636839799
-951.524168713764 1792.17636839799
-951.524168713764 1790.79233324355
-951.524168713764 1790.79233324355
-867.444033078675 1764.4956653082
-1235.25137538489 1659.30899356654
-850.14359364743 2444.74894374129
-860.52385730598 3962.68949943161
-1500.29410747034 4033.27529231053
-3907.1312411334 3357.5201281295
-4510.22455970385 2675.19079696449
-4941.35151032855 2455.82122497731
-4743.08847444745 2387.65749361853
-4602.60890626608 2388.00350240726
-4402.6158264418 2244.40985512853
-3039.34119926673 2159.98371070446
-2190.92764956223 1972.44694727064
-1817.58416663775 2154.10156129796
-1249.43773571852 1358.62735625315
-871.250129753264 629.586838623933
-1669.83841389594 1292.1936688373
-1525.89875782822 1218.14778807202
-1729.00591675012 1125.07142393233
-2943.15075602942 1018.50071703648
-4119.92664613687 989.781987580728
-6118.47340922473 934.766590189627
-5316.07902840747 905.009834367926
-4338.2581917581 1140.98782820913
-4338.2581917581 1140.98782820913
-4100.20414518548 580.79959942806
-3541.05394277036 636.853023184869
-2323.44901560519 1289.07958973968
-1653.22999204167 1236.14024508049
-1794.74758658875 1304.64998522775
-2385.03857998001 1358.28134746441
-849.797584858698 1851.34387125242
103.80263658673 1605.67763133012
-568.83844849645 1476.6163531735
-755.337185564566 2004.62576461273
-1067.7831216912 2982.79261005058
120.065049652267 965.215363588548
3139.33773917863 -463.800933425643
3021.69475104675 -723.653533681565
3021.34874225802 -723.653533681565
3021.00273346929 -723.307524892832
3021.00273346929 -722.961516104345
3021.00273346929 -722.961516104345
3021.34874225802 -723.653533681565
3021.00273346929 -723.307524892832
3021.00273346929 -722.961516104345
3020.65672468105 -722.615507315612
3020.65672468105 -722.269498527125
3020.31071589231 -722.269498527125
3020.31071589231 -722.269498527125
3020.31071589231 -722.269498527125
3020.31071589231 -722.961516104345
3020.31071589231 -722.961516104345
3020.31071589231 -722.961516104345
3020.31071589231 -723.307524892832
3020.65672468105 -723.307524892832
3021.00273346929 -723.653533681565
3021.00273346929 -723.653533681565
3021.00273346929 -723.653533681565
3021.34874225802 -723.653533681565
3021.34874225802 -723.653533681565
350.852911663953 5474.74790571494
350.852911663953 5474.74790571494
350.852911663953 5474.74790571494
3021.34874225802 -723.307524892832
3021.34874225802 -723.307524892832
3021.34874225802 -723.307524892832
3021.34874225802 -723.307524892832
3021.69475104675 -723.307524892832
3021.69475104675 -723.307524892832
3021.69475104675 -723.307524892832
3021.69475104675 -723.307524892832
3021.69475104675 -723.307524892832
3021.69475104675 -723.307524892832
3022.04075983549 -723.307524892832
3022.04075983549 -722.961516104345
3022.04075983549 -722.961516104345
3022.04075983549 -722.961516104345
3022.04075983549 -722.961516104345
3022.04075983549 -722.961516104345
3022.04075983549 -722.961516104345
3022.04075983549 -722.615507315612
3022.38676862373 -722.615507315612
3022.38676862373 -722.615507315612
3022.38676862373 -722.615507315612
3022.38676862373 -722.615507315612
3022.38676862373 -722.615507315612
3022.38676862373 -722.615507315612
3022.38676862373 -722.615507315612
3022.73277741246 -722.961516104345
3022.73277741246 -722.961516104345
3022.73277741246 -722.961516104345
3022.73277741246 -723.307524892832
3022.73277741246 -723.307524892832
3023.07878620119 -723.307524892832
3023.07878620119 -723.307524892832
3023.07878620119 -723.307524892832
3023.07878620119 -723.307524892832
3023.07878620119 -723.307524892832
3023.07878620119 -723.307524892832
2144.90848067548 32.0296606714886
668.142970831372 -291.83456547989
113.490882668304 598.446047647792
-1184.38808345736 472.152839800298
-2114.80571606505 353.817834091207
-598.595204318151 769.720398016324
-598.595204318151 769.720398016324
-353.620981972834 911.930010140375
-349.468876509511 1289.77160731715
-1399.60554998098 1705.67417124226
-1778.13916473497 1318.49033677265
-1336.63195045172 1145.13993367246
-2094.04518874795 1288.38757216246
-2668.07376907367 1276.27726456074
-2683.64416456174 1276.96928213796
-2683.64416456174 1276.96928213796
-2690.56434033444 1279.73735244684
-2989.16992491617 1011.92655005251
-3509.56714300548 533.742404175361
-2984.67181066412 981.477776653839
-2753.19193107496 1104.31089661499
-2881.90720044285 1522.98153084898
-3632.40026296687 1786.98623656872
-3168.05646863412 2408.76402972461
-2403.03103698823 2310.15152496691
-1834.884606069 2182.82029075371
-1473.30542195752 2183.85831711942
-955.330265388846 1802.90264084528
-950.140133559324 1795.98246507283
-950.486142348058 1799.09654417044
-950.486142348058 1796.67448265005
-950.486142348058 1795.98246507283
-951.178159925032 1795.98246507283
-951.178159925032 1795.98246507283
-951.178159925032 1794.94443870688
-951.178159925032 1794.59842991839
-951.178159925032 1794.59842991839
-948.064080827909 1798.40452659322
-949.794124770591 1796.67448265005
-850.14359364743 1467.62012466939
-1472.26739559181 2115.00256818342
-2412.02726549234 2165.17384253373
-2496.10740112792 1589.76122705332
-2363.93204387418 1295.30774793491
-2539.70450849452 596.023986127398
-3028.26891803071 355.893886822868
-2924.81229023198 -1821.19341119446
-2392.99678211841 -2345.05071717012
-2006.15895643728 -2214.95141264779
-2714.43894674915 -1331.24496650407
-2473.96283865589 -1040.25157527176
-2170.16712224513 -647.877608973118
-2267.74160063687 417.829459986417
-2436.93989827325 1111.57708117617
-864.675962769303 1141.33383699762
-858.101795785833 428.901741222433
-1591.64042766685 464.194637661896
-3415.79876128882 226.832608666493
-3519.6013978753 -252.389563576614
-1419.6740597211 161.090938828109
-775.059686515959 -440.618344587657
127.677243001935 783.214740772733
717.276218815732 1557.23640092274
1810.31798207682 1197.73326954316
1810.31798207682 1197.73326954316
2145.94650704119 -249.275484479
3098.16269333267 -789.741212308682
3022.38676862373 -724.345551258785
3022.38676862373 -723.653533681565
3022.73277741246 -723.999542470298
3023.07878620119 -723.999542470298
3023.07878620119 -723.653533681565
3023.42479498993 -723.307524892832
3023.42479498993 -723.653533681565
3023.42479498993 -723.307524892832
3023.77080377866 -723.307524892832
3023.77080377866 -723.307524892832
3023.77080377866 -723.307524892832
3023.42479498993 -723.307524892832
3023.42479498993 -723.307524892832
3023.42479498993 -723.307524892832
3023.42479498993 -723.307524892832
3023.42479498993 -723.307524892832
3023.07878620119 -722.961516104345
3023.07878620119 -722.961516104345
3023.07878620119 -722.961516104345
3023.07878620119 -722.961516104345
3022.73277741246 -722.615507315612
3022.73277741246 -722.615507315612
3022.73277741246 -722.615507315612
3022.73277741246 -722.615507315612
3022.73277741246 -722.615507315612
3022.73277741246 -722.615507315612
3022.73277741246 -722.961516104345
3022.73277741246 -722.961516104345
3022.73277741246 -722.961516104345
3022.73277741246 -722.961516104345
3022.38676862373 -722.961516104345
3022.38676862373 -723.307524892832
3022.38676862373 -723.307524892832
3022.38676862373 -723.307524892832
3022.38676862373 -723.307524892832
3022.38676862373 -723.307524892832
3022.38676862373 -723.307524892832
3022.38676862373 -723.307524892832
3022.04075983549 -722.961516104345
3022.04075983549 -722.961516104345
3022.04075983549 -722.961516104345
3022.04075983549 -722.961516104345
3021.69475104675 -722.961516104345
3021.69475104675 -722.961516104345
3021.69475104675 -722.961516104345
3021.69475104675 -722.615507315612
3021.69475104675 -722.615507315612
3021.69475104675 -722.615507315612
3022.04075983549 -722.615507315612
3022.04075983549 -722.615507315612
3022.04075983549 -722.615507315612
3022.04075983549 -722.615507315612
3022.38676862373 -722.615507315612
3022.38676862373 -722.615507315612
3022.38676862373 -722.615507315612
3022.73277741246 -722.269498527125
3022.38676862373 -722.269498527125
3022.38676862373 -721.923489738391
3022.38676862373 -721.923489738391
3022.38676862373 -721.577480949904
3022.04075983549 -721.577480949904
3022.04075983549 -721.231472161171
3022.04075983549 -721.231472161171
3022.04075983549 -721.231472161171
3022.04075983549 -721.577480949904
3022.04075983549 -721.577480949904
3022.04075983549 -721.577480949904
3022.04075983549 -721.577480949904
3022.04075983549 -721.577480949904
3022.38676862373 -721.577480949904
3022.38676862373 -721.577480949904
3022.38676862373 -721.577480949904
3022.38676862373 -721.923489738391
3022.38676862373 -721.577480949904
3022.38676862373 -721.923489738391
3022.04075983549 -721.923489738391
3044.18532230703 -28.5218773373748
924.535483201438 -120.560215111358
2917.20009688231 456.928453100961
790.284073215298 74.5887416721332
-7366.52710978857 2627.44158413433
-6761.01172969797 2292.85108553567
-5672.81408947816 3240.91516636333
-4725.7880350162 2613.60123258943
-3698.83395038248 2327.79797318664
-2945.22680876084 1812.24487813812
-6492.85491851491 907.085887099833
-9065.4302619285 971.443521783531
-8538.11286806699 900.511720115872
-5433.72201653934 961.409266913468
-5497.73364243479 1147.21598640436
-5431.99197259616 1113.99914269632
-5431.99197259616 1113.99914269632
-5422.30372651459 1126.45545908677
-2260.82142486418 306.760638838507
-2505.10362963203 -302.21482913844
-1784.02131414146 334.441341928302
-1169.16369675802 -341.313822252984
-4221.65322999194 -536.116770247742
-2749.03982561164 -477.987293759027
-3865.95619528744 619.206574965137
-3287.7755094979 1262.09090422711
-305.525760354181 1283.88945791041
130.791322099549 2699.06540337945
299.643610947687 3190.0518744358
1026.60807584524 2549.24359790549
2723.43517525326 -99.1076702165467
3022.38676862373 -726.075595201959
3022.38676862373 -726.075595201959
3022.73277741246 -726.075595201959
3022.73277741246 -726.075595201959
3100.23874606408 -790.08722109717
3099.54672848711 -790.433229885903
3099.54672848711 -790.08722109717
3099.54672848711 -790.08722109717
4370.78301788869 -100.1456965825
5267.63779800008 1664.84513418455
5267.63779800008 1664.84513418455
5849.62458046421 1875.91049524484
5859.65883533452 1869.33632826088
5856.89076502564 1870.37435462683
5855.16072108246 1870.37435462683
4615.06522265654 1254.82471966617
3541.74596034733 78.0488295584804
3100.23874606408 -791.125247463123
3099.89273727535 -791.47125625161
3098.50870212091 -792.163273829076
3097.81668454393 -792.163273829076
3098.16269333267 -791.125247463123
3098.16269333267 -790.77923867439
3098.16269333267 -790.433229885903
3098.16269333267 -790.08722109717
3098.16269333267 -790.08722109717
3098.16269333267 -789.741212308682
3098.50870212091 -789.741212308682
3098.50870212091 -789.395203519949
3098.85471090964 -789.395203519949
3098.85471090964 -789.395203519949
3098.85471090964 -789.395203519949
3098.85471090964 -789.395203519949
3098.85471090964 -789.395203519949
3098.85471090964 -789.395203519949
3098.85471090964 -789.395203519949
3098.85471090964 -789.395203519949
3098.85471090964 -789.395203519949
3098.85471090964 -789.395203519949
3098.85471090964 -789.395203519949
3098.85471090964 -789.395203519949
3098.85471090964 -789.049194731462
3098.85471090964 -789.049194731462
3098.85471090964 -789.049194731462
3097.12466696647 -784.897089267895
3099.54672848711 -785.935115633848
3099.54672848711 -786.627133211068
3099.54672848711 -787.319150788288
3099.54672848711 -788.011168365509
3099.54672848711 -788.011168365509
3099.89273727535 -788.357177153996
3099.89273727535 -788.703185942729
3100.23874606408 -789.049194731462
3100.23874606408 -789.049194731462
3100.58475485281 -789.049194731462
3100.93076364155 -788.703185942729
3100.93076364155 -788.703185942729
3100.93076364155 -788.703185942729
3100.58475485281 -788.703185942729
3100.58475485281 -788.703185942729
3100.58475485281 -788.703185942729
3100.23874606408 -788.357177153996
3100.23874606408 -788.357177153996
3100.23874606408 -788.357177153996
3100.23874606408 -788.703185942729
3100.23874606408 -788.703185942729
3100.23874606408 -788.703185942729
3100.58475485281 -788.703185942729
3100.58475485281 -789.049194731462
3100.58475485281 -789.049194731462
3100.58475485281 -789.049194731462
3100.23874606408 -789.049194731462
3100.23874606408 -789.049194731462
3100.23874606408 -789.049194731462
3100.23874606408 -789.395203519949
3100.23874606408 -789.395203519949
3100.23874606408 -789.395203519949
3100.23874606408 -789.049194731462
3100.23874606408 -789.049194731462
3099.89273727535 -789.049194731462
3099.89273727535 -788.703185942729
3099.89273727535 -788.703185942729
3099.89273727535 -788.703185942729
3099.89273727535 -788.703185942729
3100.23874606408 -789.049194731462
3100.23874606408 -789.049194731462
3100.23874606408 -789.049194731462
3100.23874606408 -789.049194731462
3100.23874606408 -789.049194731462
3100.23874606408 -789.395203519949
3102.66080758472 -791.47125625161
3098.50870212091 -792.163273829076
3098.16269333267 -792.509282617563
3098.16269333267 -791.817265040343
3098.16269333267 -791.47125625161
3098.16269333267 -791.125247463123
3098.50870212091 -790.433229885903
3098.85471090964 -789.741212308682
3098.85471090964 -789.741212308682
3099.54672848711 -789.395203519949
2327.94712985725 -119.522188745405
1449.77682433154 -38.5561322076833
2726.20324556264 -258.963730560575
-306.909795508622 352.779807725253
-2971.52347669619 -803.927572642067
-3369.0875748246 -2338.47655018616
-3576.34683920982 -2364.08120054429
-2465.65862772925 -993.540388807796
-1394.41541815146 339.631473757577
-919.345351371916 468.346743125464
-640.462267741575 509.867797760155
-849.105567281231 759.686143146261
-5292.55043078099 1327.83257406549
-2759.76609805892 1031.99505979264
-1072.62724473198 781.138688040827
-983.010968478638 953.451064775312
-1264.31611362913 930.960493514793
-1252.55181481614 908.815931042761
-1740.07819798613 1267.97305363385
-2318.60489256441 2708.4076406723
-2326.56309470281 2834.35483973106
-2182.62343863558 2869.99374495925
-1779.52319988941 2894.21436016295
-2119.99584789457 3366.5163566336
-1367.77274142786 2955.45791574928
-4617.14127538844 3343.33376779587
-4816.78834642399 2922.58708082996
-4573.89017681058 1811.5528605609
-5644.09536002217 1818.12702754461
-4608.14504688433 1710.51829428281
-3980.83111311043 1391.49819117222
-3874.60641500282 667.647805372523
-4234.10954638239 534.780430541068
-3340.36884536861 642.73517259161
-3026.88488287627 431.669811531314
-2286.42607522256 760.378160723481
-1173.31580222134 1309.49410826854
-854.987716688218 1275.58524698352
-761.911352548526 904.663825579439
-885.782498875627 484.263147402022
-1052.21272620312 469.038760702684
-1052.21272620312 469.038760702684
-2332.09923532057 859.336674269667
-2387.11463271192 75.2807592495993
-2842.80820732831 -299.446758829559
-1342.16809106948 29.2615903626075
961.212414795342 -173.499559770553
834.227189370627 54.8662407207409
-829.729075118572 784.252767138441
-2344.90156049976 857.952639115227
-827.999031175399 758.30210799182
-638.386215009668 34.7977309806155
-638.386215009668 34.7977309806155
-881.284384623572 1152.06010944491
-920.037368949383 1160.71032916053
-920.037368949383 1160.71032916053
-831.113110273012 2166.21186889969
-1237.3274281168 2096.31809359773
-681.983322376267 2019.15813373485
-903.428947095112 1659.65500235527
-1526.24476661696 -411.207597554689
40.8290370574723 -216.750658348418
5873.49918687941 1874.5264600904
5872.80716930195 1874.5264600904
5869.00107262736 1875.56448645611
5549.2889519393 1792.52237718648
5549.2889519393 1792.52237718648
4180.82419293471 883.211280684627
3118.92322064977 -756.178359812147
3024.80883014437 -725.383577624739
3025.1548389331 -725.037568836006
3025.1548389331 -725.729586413226
3025.1548389331 -725.037568836006
3025.1548389331 -724.691560047518
3025.1548389331 -723.999542470298
3025.1548389331 -723.999542470298
3025.1548389331 -723.999542470298
3024.80883014437 -723.999542470298
3024.80883014437 -723.999542470298
3024.1168125669 -723.653533681565
3024.1168125669 -723.653533681565
3024.1168125669 -723.653533681565
3023.77080377866 -723.653533681565
3023.77080377866 -723.653533681565
3023.77080377866 -723.653533681565
3023.42479498993 -723.653533681565
3023.77080377866 -723.653533681565
3023.42479498993 -723.653533681565
3023.42479498993 -723.653533681565
3023.42479498993 -723.307524892832
3023.42479498993 -723.307524892832
3023.42479498993 -723.307524892832
3023.07878620119 -723.307524892832
3023.07878620119 -723.307524892832
3023.07878620119 -723.307524892832
3023.07878620119 -723.307524892832
3023.07878620119 -723.307524892832
3023.07878620119 -723.307524892832
3023.07878620119 -723.307524892832
3023.07878620119 -723.307524892832
3023.07878620119 -723.307524892832
3023.07878620119 -723.307524892832
3022.73277741246 -723.653533681565
3022.73277741246 -723.653533681565
3023.07878620119 -723.999542470298
3022.73277741246 -724.345551258785
3022.73277741246 -724.345551258785
3022.73277741246 -724.345551258785
3023.07878620119 -724.345551258785
3022.73277741246 -724.691560047518
3022.73277741246 -724.691560047518
3022.73277741246 -724.691560047518
3022.73277741246 -724.691560047518
3018.23466316041 -729.881691876793
3054.56558596607 -270.382020585079
-304.487733988473 376.654414140213
-1025.2240406908 470.768804645858
-631.466039237466 453.814374003346
-641.846302896016 441.35805761289
-1726.9298640187 1301.53590613014
-3925.81571571909 1255.86274603188
-4586.69250198977 1640.6245189811
-3687.41566035773 3086.24923784882
-1180.92799557101 3053.03239414102
-843.915435452202 480.80305951592
614.165599806223 -5.68529728836832
3750.04325109875 -950.635299018418
3812.32483305103 -1140.2481151839
3812.32483305103 -1140.2481151839
3813.016850628 -1139.90210639541
3813.016850628 -1139.21008881819
3813.36285941674 -1138.17206245224
3813.016850628 -1137.13403608629
3813.016850628 -1137.13403608629
3813.016850628 -1137.48004487502
3813.016850628 -1137.13403608629
3813.016850628 -1137.48004487502
3813.016850628 -1137.82605366351
3812.67084183927 -1137.82605366351
3812.67084183927 -1138.17206245224
3812.67084183927 -1138.17206245224
3812.67084183927 -1138.17206245224
3812.67084183927 -1137.82605366351
3813.016850628 -1137.82605366351
3813.016850628 -1137.82605366351
3813.016850628 -1137.82605366351
3813.016850628 -1137.82605366351
3813.016850628 -1137.48004487502
3813.016850628 -1137.13403608629
3813.016850628 -1137.48004487502
3812.67084183927 -1137.82605366351
3812.67084183927 -1137.82605366351
3812.67084183927 -1137.82605366351
3812.32483305103 -1136.09600972058
3812.67084183927 -1135.40399214311
3812.67084183927 -1135.40399214311
