100
-1975.45483905681 -897.499168155167
-1405.42577241918 -896.960897082066
-1299.92464205009 -892.116457422246
-1108.30013995044 -889.963373129077
-376.789751319046 -772.082008073313
568.952524491422 -697.800599956318
1083.53967057785 -675.193214877282
1107.76186887695 -336.620709763701
1107.76186887695 -294.0972949719
1550.22069114032 149.438069437668
1576.05770265911 391.660052428319
2316.71869953742 189.270128862818
2324.25449456389 193.038026376054
2324.25449456389 193.038026376054
2899.12800086134 -30.3444690487974
2916.35267520745 -789.844953492911
2902.89589837419 -1138.64460899923
3189.79438044982 -1289.89878060026
3061.68586500207 -1259.21732942127
3061.68586500207 -1259.21732942127
3098.28829798671 -1261.90868478792
3099.90311120716 -1261.90868478792
2932.5008074066 -1577.87380482246
2927.65636774678 -1398.6295374091
2932.5008074066 -1289.36050952678
2932.5008074066 -1289.36050952678
2932.5008074066 -1289.36050952678
2932.5008074066 -1289.36050952678
2899.12800086134 -1927.21173140227
2881.36505544174 -2023.02398245172
3561.20142103556 -3164.6969289478
1120.68037463673 -3957.03194886369
529.658736139374 -3955.95540671711
-312.197222520927 -4403.25866863991
-310.044138227757 -4439.86110162492
-264.291096996203 -5276.33434955269
-250.834320163707 -5435.1243161798
-464.527936268536 -6081.58787522835
-509.742706426607 -6167.71124695816
-630.31542684864 -5599.29699354022
-242.221982990268 -5077.71232350042
-248.142964797056 -4947.98899483223
-300.355258908116 -4015.16522478154
-320.809559694366 -3637.83720238939
-320.809559694366 -3637.83720238939
-365.486058778954 -2581.21108547691
-353.10582409266 -2372.36190903152
116.80482290918 -1823.86368532597
342.340402626818 -1817.94270351956
901.065776725114 -1183.85937915769
1221.87533641948 -808.146169985227
1221.87533641948 -808.146169985227
1208.41855958699 -673.578401657215
2623.53321132504 -694.032702443082
2620.30358488567 -870.047343416311
2611.69124771224 -1142.41250651247
2871.6761761221 -1147.25694617229
3130.58456238577 -662.274709117506
3231.24125309503 -662.274709117506
3529.98169878346 -474.95637560495
3398.1052858221 -457.193430185735
3603.72483582774 -655.277185164516
3575.73474001502 -660.121624824337
4329.31424265311 -682.729009903373
4438.04499946157 -752.704249434031
4313.70438152668 -2382.58905942465
4242.11432877634 -2798.13432802188
4459.57584239478 -2959.07737894216
-356.335450532795 -2959.07737894216
4459.57584239478 -2959.07737894216
4384.21789213082 -2101.61155915543
3065.45376251493 -2031.63631962478
2785.5528043923 -1114.96068177361
3090.752502961 -1153.1779279787
3187.10302508393 -1154.25447012528
4871.89148455149 -1441.69122327439
5002.69135536665 -1508.97510743839
5562.49327161192 -2076.31281870975
5559.26364517178 -2123.14240208788
5550.11303692562 -2306.1545670141
5468.29583378215 -2260.40152578255
5078.04930563061 -1542.34791398365
4878.35073743177 -1440.07641005432
3626.87049197988 -1152.6396569056
3511.68048229115 -1151.02484368553
2980.40693293132 -1279.67163020713
2932.5008074066 -1280.20990128062
2927.1180966733 -802.225188178822
2931.4242652604 -729.020322208411
2989.01927010476 -265.568928086459
2978.79211971164 38.5542283352763
2620.84185595916 161.280033050478
2491.1185272902 207.033074282033
2337.17300032291 646.262270105264
2329.09893422372 877.180560556206
2334.48164495625 1385.84672483661
2335.01991602974 1384.77018269003
2599.31101302594 1311.02704564613
2599.31101302594 1311.02704564613
2599.84928409943 1311.02704564613
