100
8557.29501045328 -3370.8587991403
8762.07878578372 -3202.29080401303
8762.07878578372 -3202.29080401303
8762.07878578372 -3202.29080401303
8762.07878578372 -3202.29080401303
8287.98129948826 -3265.50380218572
7262.4162510086 -2803.25875304768
6624.68928506758 -2300.1886425894
6624.68928506758 -2300.1886425894
6213.80479694482 -2415.42067050856
7187.68005004361 -2523.08030802155
7594.94296014632 -3402.46529822688
8484.53421568182 -3315.21819137378
8484.53421568182 -3315.21819137378
8701.82889690038 -3345.50775299824
8701.82889690038 -3345.50775299824
8701.82889690038 -3345.50775299824
8556.96577608769 -3371.18803350588
8950.40084283993 -2735.43647375816
8011.42443248219 -1552.82663294282
6060.71081699526 47.9108520358761
5072.34925181483 1499.83440381624
5072.34925181483 1499.83440381624
5072.34925181483 1499.83440381624
5072.34925181483 1499.83440381624
5072.34925181483 1499.83440381624
4959.42186445431 1325.34019011003
4996.29611338843 702.428770616244
6050.83378603091 52.190898787111
7350.651060958 59.4340548276983
7816.18845375099 -1439.24077685113
9022.83240324627 -2531.31116715866
8515.15301167164 -3302.04881675448
8515.15301167164 -3302.04881675448
8515.15301167164 -3302.04881675448
8515.15301167164 -3302.04881675448
7200.52019029779 -2521.43413619408
7371.72206034859 -2501.0216055342
7371.72206034859 -2501.0216055342
7070.47261593187 -2366.0355156861
6454.14588374749 -2299.20093949311
6454.14588374749 -2299.20093949311
6454.14588374749 -2299.20093949311
6271.4208109044 -2381.5095308638
6271.4208109044 -2381.5095308638
6271.4208109044 -2381.5095308638
6271.4208109044 -2381.5095308638
6271.4208109044 -2381.5095308638
6271.4208109044 -2381.5095308638
6479.82616425537 -1799.09393832419
6479.82616425537 -1799.09393832419
6484.76467973731 -1837.61435908577
6484.76467973731 -1837.61435908577
6484.76467973731 -1837.61435908577
6981.90857161688 -2043.38583751274
7377.64827892729 -2495.42462132084
7377.64827892729 -2495.42462132084
8543.1379327377 -3398.18525147541
8557.29501045328 -3371.18803350588
8557.29501045328 -3371.18803350588
8649.4806327888 -3229.61725634814
8761.42031705301 -3202.94927274397
8761.42031705301 -3202.94927274397
-3736.3161966848 -460.427008269927
8761.42031705301 -3202.94927274397
8761.42031705301 -3202.94927274397
8761.42031705301 -3202.94927274397
8761.42031705301 -3202.94927274397
8522.39616771223 -3234.22653746496
8522.39616771223 -3234.22653746496
8522.39616771223 -3234.22653746496
8631.04350832151 -3298.42723873419
8631.04350832151 -3298.42723873419
8631.04350832151 -3298.42723873419
8608.32633710345 -3250.6882557392
9225.64077238412 -3675.72982157778
10000 -4519.88673467624
9758.01274137033 -4514.94821919406
9758.01274137033 -4514.94821919406
9684.92271223281 -4423.09183122437
8220.48825456433 -4270.65632000574
7309.49676527265 -2984.00841969771
7396.41463776017 -2518.14179253914
7396.41463776017 -2518.14179253914
7396.41463776017 -2518.14179253914
7396.41463776017 -2518.14179253914
7396.41463776017 -2518.14179253914
6795.89115511885 -2369.32785934081
6795.89115511885 -2369.32785934081
6251.66674897523 -2409.49445192986
6251.66674897523 -2409.49445192986
6507.48185095584 -2001.57307309622
6507.48185095584 -2001.57307309622
6507.48185095584 -2001.57307309622
6388.95747938174 -1461.29947933848
6388.95747938174 -1461.29947933848
6388.95747938174 -1461.29947933848
5194.82443577457 -436.0636652244
4985.10214496219 181.580004421856
4486.31208125515 496.657292189277
